#1 348 0 0.01000 0 	 0 0 27 50 3
#2 348 0 0.01000 0 	 0 0 19 34 3
#3 348 0 0.00000 0 	 0 0 14 13 2
#4 348 0 0.00000 0 	 0 0 28 51 3
#5 348 0 0.01000 0 	 0 0 55 110 3
#6 348 0 0.01000 0 	 0 0 15 26 3
#7 348 0 0.00000 0 	 0 0 6 5 2
#8 348 0 0.00000 0 	 0 0 23 42 3
#9 348 0 0.01000 0 	 0 0 14 24 3
#10 348 0 0.00000 0 	 0 0 5 4 2
#11 348 0 0.00000 0 	 0 0 4 3 2
#12 348 0 0.01000 0 	 0 0 62 137 3
#13 348 0 0.01000 0 	 0 0 45 121 3
#14 348 0 0.00000 0 	 0 0 37 79 3
#15 348 0 0.00000 0 	 0 0 18 33 3
#16 348 0 0.00000 0 	 0 0 10 9 2
#17 348 0 0.01000 0 	 0 0 33 62 3
#18 348 0 0.01000 0 	 0 0 39 73 3
#19 348 0 0.00000 0 	 0 0 28 51 3
#20 348 0 0.01000 0 	 0 0 31 58 3
#21 348 0 0.00000 0 	 0 0 43 86 3
#22 348 0 0.01000 0 	 0 0 32 60 3
#23 348 0 0.00000 0 	 0 0 18 17 2
#24 348 0 0.01000 0 	 0 0 25 48 3
#25 348 0 0.01000 0 	 0 0 74 172 3
#26 348 0 0.00000 0 	 0 0 49 104 3
#27 348 0 0.01000 0 	 0 0 77 154 3
#28 348 0 0.00000 0 	 0 0 28 27 2
#29 348 0 0.00000 0 	 0 0 11 10 2
#30 348 0 0.01000 0 	 0 0 61 118 3
#31 348 0 0.01000 0 	 0 0 86 176 3
#32 348 0 0.00000 0 	 0 0 11 10 2
#33 348 0 0.00000 0 	 0 0 11 10 2
#34 348 0 0.00000 0 	 0 0 14 13 2
#35 348 0 0.01000 0 	 0 0 38 85 3
#36 348 0 0.01000 0 	 0 0 29 54 3
#37 348 0 0.00000 0 	 0 0 15 14 2
#38 348 0 0.00000 0 	 0 0 10 16 3
#39 348 0 0.00000 0 	 0 0 7 10 3
#40 348 0 0.01000 0 	 0 0 10 15 3
