40
#1 27
0 8 23 40 45 56 61 72 91 110 113 119 132 134 158 193 201 242 245 259 264 277 303 311 315 317 334 
#2 19
0 40 45 56 72 113 119 132 133 134 158 183 242 277 303 311 315 317 334 
#3 14
0 14 17 28 41 115 116 140 144 149 226 312 326 343 
#4 28
0 2 6 14 17 23 25 28 41 76 89 95 115 116 140 144 147 149 162 203 214 219 226 270 312 319 326 343 
#5 55
0 1 3 9 21 25 26 31 39 40 59 67 82 98 105 117 118 119 121 122 133 141 142 153 169 170 172 185 188 200 203 211 231 232 236 239 250 252 257 261 268 271 272 277 280 290 291 297 304 315 322 323 325 329 332 
#6 15
0 9 26 104 109 119 125 136 156 169 212 239 257 258 295 
#7 6
0 19 137 209 214 289 
#8 23
0 2 14 17 20 28 41 111 115 116 137 140 143 144 149 162 175 214 226 312 321 326 343 
#9 14
0 25 50 53 88 119 136 146 148 285 313 317 336 339 
#10 5
0 121 178 206 260 
#11 4
0 25 76 270 
#12 62
0 9 13 16 25 26 29 40 50 56 59 65 66 67 72 82 97 98 104 109 113 118 119 121 122 132 134 142 148 158 161 165 169 172 182 186 188 199 200 203 211 222 230 238 239 252 261 265 268 271 277 283 285 291 304 313 322 324 325 331 334 342 
#13 45
0 9 13 25 26 40 56 59 67 82 98 104 109 113 118 119 122 128 142 161 169 170 172 186 188 199 200 203 211 223 238 239 252 261 265 271 277 285 304 313 315 322 325 334 342 
#14 37
0 9 13 21 25 26 40 56 66 67 98 104 109 113 118 119 122 134 142 169 170 172 199 200 203 224 248 252 271 277 280 285 291 304 323 332 334 
#15 18
0 9 25 26 40 56 67 72 113 141 199 200 232 239 252 271 272 291 
#16 10
0 4 78 181 195 218 273 275 306 328 
#17 33
0 1 9 25 26 47 48 53 54 73 85 88 92 119 122 126 128 133 148 170 176 188 194 236 239 271 280 290 299 301 315 322 346 
#18 39
0 21 24 39 53 57 69 80 82 88 92 94 101 113 121 132 133 158 165 169 180 183 187 194 204 206 213 236 242 249 254 266 280 299 302 315 322 330 346 
#19 28
0 21 26 49 55 64 67 82 98 100 104 119 122 123 142 150 171 186 189 200 217 239 252 255 261 318 334 342 
#20 31
0 7 21 22 26 31 64 66 67 87 119 136 142 150 161 171 172 189 203 213 217 246 252 277 304 308 322 323 329 334 338 
#21 43
0 1 13 21 25 26 30 62 65 67 69 82 84 88 105 118 121 122 133 141 142 169 186 200 203 213 224 236 248 252 257 261 271 272 276 280 297 303 304 314 315 318 322 
#22 32
0 21 23 36 51 61 83 99 108 116 122 124 127 135 139 144 155 175 184 190 197 227 230 237 240 245 251 267 281 284 309 320 
#23 18
0 9 25 26 56 62 98 122 133 141 200 224 232 236 239 271 276 322 
#24 25
0 9 56 58 62 81 96 100 119 133 170 186 188 190 203 213 224 269 274 304 314 322 323 329 341 
#25 74
0 3 7 9 10 13 21 22 25 26 30 31 40 56 62 66 67 69 75 84 85 87 98 103 109 113 118 119 122 134 136 141 142 158 161 168 170 172 186 188 199 200 203 211 212 213 224 236 239 246 248 252 257 258 271 272 274 277 280 285 290 291 297 304 308 315 322 323 324 325 332 334 339 341 
#26 49
0 9 13 21 25 26 40 55 56 59 62 67 72 82 98 104 109 113 118 119 122 142 170 172 185 186 188 199 200 203 211 223 236 238 239 252 261 271 277 280 285 297 304 313 322 323 325 332 334 
#27 77
0 3 9 10 21 23 25 26 30 31 39 40 45 51 55 56 61 62 67 72 75 79 83 98 99 103 104 109 113 116 118 119 122 123 124 142 144 155 165 170 175 185 186 188 190 199 200 203 208 223 224 227 230 232 236 237 239 240 245 248 252 267 271 274 276 277 280 285 291 297 304 322 323 324 325 332 334 
#28 28
0 13 21 26 56 67 98 104 109 118 119 122 142 169 186 200 203 239 252 271 277 285 297 304 322 323 325 332 
#29 11
0 21 39 69 113 121 165 169 236 280 315 
#30 61
0 3 9 21 25 26 30 53 56 66 67 72 75 79 92 113 119 122 128 133 134 141 142 161 169 170 176 180 185 186 188 194 196 199 200 203 204 224 231 232 249 252 254 266 271 272 276 277 280 285 291 297 304 315 322 323 330 334 341 342 346 
#31 86
0 7 9 13 21 22 25 26 31 38 39 40 47 55 56 65 66 67 87 88 98 103 104 105 108 109 119 121 122 123 127 129 134 136 142 146 148 152 158 159 161 165 168 169 170 184 186 188 197 200 203 212 223 232 235 236 239 246 248 251 252 260 271 272 274 277 280 281 284 291 297 301 304 308 313 315 322 323 325 332 334 339 340 342 345 347 
#32 11
0 40 47 53 101 114 132 146 158 301 317 
#33 11
0 36 127 135 184 197 251 281 284 309 320 
#34 14
0 21 36 108 127 135 139 184 197 251 281 284 309 320 
#35 38
0 5 24 48 53 57 80 87 92 94 101 108 122 156 158 163 169 180 184 187 194 196 204 213 235 242 249 254 266 277 299 302 304 315 316 320 330 346 
#36 29
0 3 9 21 36 75 85 108 122 127 135 139 156 170 176 184 188 197 251 258 271 272 274 281 284 309 320 322 323 
#37 15
0 9 21 25 39 69 105 119 148 236 257 272 277 280 315 
#38 10
0 1 48 73 88 126 145 179 260 322 
#39 7
0 115 220 244 262 282 312 
#40 10
0 19 115 174 220 244 262 282 293 312 
