68
#1 22
0 14 60 135 149 151 218 276 308 366 368 398 444 454 478 487 503 625 717 888 905 919 
#2 10
0 14 60 135 149 151 218 308 487 919 
#3 21
0 35 53 220 250 322 435 449 546 565 663 671 688 698 750 823 893 896 904 932 975 
#4 40
0 13 33 55 118 141 167 192 216 244 253 285 298 365 424 445 478 504 529 540 552 584 600 614 631 671 677 690 698 712 717 804 815 833 841 908 934 956 999 1031 
#5 65
0 22 29 46 73 76 112 115 118 130 137 141 143 176 180 193 211 216 261 270 281 316 327 333 341 352 360 361 387 395 413 420 531 546 548 583 591 607 609 616 620 622 623 635 646 647 650 652 657 671 772 775 787 818 832 834 858 875 901 909 917 925 959 975 983 
#6 26
0 22 49 157 158 176 270 294 329 372 455 485 563 591 592 646 657 693 755 814 827 831 868 914 938 1009 
#7 27
0 41 117 221 251 264 290 322 352 397 403 417 437 476 600 632 663 698 727 741 805 820 874 897 909 977 1015 
#8 27
0 41 187 220 229 251 264 268 290 350 352 397 403 435 437 449 467 476 546 634 663 698 741 788 867 874 1015 
#9 29
0 118 176 244 282 304 329 338 352 414 455 457 483 506 600 606 671 698 796 806 815 816 854 856 867 875 898 908 1031 
#10 18
0 41 117 168 221 290 294 335 403 437 555 632 686 727 820 827 909 925 
#11 6
0 22 163 246 732 791 
#12 23
0 61 69 84 92 96 121 163 246 288 330 522 543 555 588 619 684 732 766 791 1009 1022 1029 
#13 294
0 1 3 18 21 22 24 30 38 39 47 51 52 57 58 65 71 73 74 83 85 88 89 94 98 108 111 114 117 119 123 125 129 134 137 155 158 160 165 166 168 172 174 180 182 183 185 186 187 188 190 193 198 206 208 209 211 215 219 224 230 232 233 235 237 239 243 252 255 258 262 266 274 275 277 283 286 291 294 295 296 303 309 310 312 314 316 319 323 326 334 335 340 342 344 348 351 352 357 359 364 369 370 375 381 385 387 391 395 396 400 404 405 407 409 415 419 426 429 432 433 435 441 446 447 452 456 461 462 463 469 470 476 486 489 492 494 495 496 501 509 510 515 518 521 525 532 535 537 542 546 548 550 551 555 563 566 568 570 573 575 576 578 582 586 590 591 594 599 603 608 615 628 629 635 636 637 638 643 660 663 669 672 678 679 685 688 694 695 699 706 707 713 719 722 724 728 729 730 733 735 738 742 744 745 746 747 753 757 763 768 778 785 786 787 789 790 792 795 803 807 808 814 816 817 819 827 835 842 843 845 849 850 855 857 858 859 861 864 865 866 871 872 876 880 881 883 884 887 891 899 914 917 920 925 930 931 935 940 941 943 944 951 954 955 958 959 961 963 964 966 972 973 975 980 982 983 990 994 1000 1001 1004 1005 1008 1010 1012 1014 1019 1021 1026 1027 1032 1036 1041 
#14 72
0 1 7 62 80 93 114 124 126 166 173 189 207 211 227 257 269 303 316 333 340 342 344 348 371 391 399 409 415 439 463 465 468 498 500 532 542 545 551 567 578 581 594 622 672 697 702 707 711 715 720 736 753 760 761 781 808 819 843 844 848 917 972 990 992 995 1005 1006 1017 1026 1033 1037 
#15 273
0 1 18 21 22 30 39 51 52 57 58 62 65 71 73 83 85 88 94 98 108 111 117 124 126 129 134 137 142 155 158 160 165 166 168 173 174 180 182 183 185 186 187 189 190 193 198 207 208 211 219 224 230 232 233 235 236 237 239 243 252 255 257 258 262 266 269 274 275 283 286 291 294 295 296 303 309 310 312 314 316 319 323 326 327 334 335 342 348 351 352 357 364 369 370 371 381 385 387 391 399 400 404 405 407 415 419 429 432 435 439 446 447 452 456 461 462 463 465 468 469 470 476 486 489 494 495 496 509 510 511 518 521 532 535 537 542 546 548 550 551 555 563 566 568 575 576 581 582 586 590 591 594 598 599 603 608 615 629 636 637 638 643 660 663 669 672 678 679 685 688 694 695 697 699 700 702 707 713 715 716 720 722 724 728 729 730 733 735 736 738 742 744 745 746 747 753 757 761 768 773 778 781 785 786 789 790 792 795 803 807 808 810 814 816 817 819 827 835 842 843 844 845 849 850 855 857 859 861 864 865 866 871 876 880 883 884 887 891 899 914 920 921 925 930 931 935 940 941 944 954 958 961 963 964 966 972 973 975 982 992 994 1000 1001 1008 1010 1012 1014 1019 1021 1032 1036 1041 
#16 17
0 22 45 270 333 360 389 413 537 591 624 646 693 776 837 855 1038 
#17 174
0 11 21 30 51 52 58 64 65 71 87 88 104 108 109 111 122 129 145 146 155 165 174 183 185 186 190 193 198 208 214 219 230 232 233 237 239 244 253 255 258 262 266 274 283 285 292 295 296 309 310 317 319 323 351 356 364 365 370 385 400 404 405 406 407 410 419 424 447 448 452 453 456 458 459 462 469 470 477 479 486 489 495 499 509 518 521 529 535 539 540 550 566 568 575 576 590 599 603 608 611 636 653 659 660 664 669 677 679 695 696 708 721 722 724 728 729 730 735 737 738 744 745 747 757 768 778 779 789 790 792 795 811 815 833 835 840 842 845 849 850 864 865 871 876 887 903 920 924 926 927 930 931 935 940 941 947 954 956 957 958 963 964 966 970 982 994 1000 1001 1010 1012 1019 1021 1032 
#18 166
0 11 21 30 37 51 52 57 58 98 100 102 109 122 129 131 133 134 154 155 162 165 182 185 193 214 217 219 231 232 233 235 243 255 258 262 271 274 284 286 295 296 302 310 312 317 321 323 326 334 343 351 356 357 364 370 381 394 402 406 407 422 440 446 447 448 451 458 462 470 477 486 494 495 496 507 509 510 528 535 539 550 566 568 586 589 590 599 603 611 629 636 641 643 649 660 669 673 679 681 694 695 704 708 713 721 722 724 728 729 734 735 737 738 739 742 745 746 747 757 762 768 769 779 785 790 792 797 803 811 813 816 817 835 842 852 859 864 876 887 891 899 903 920 922 924 930 931 935 942 944 947 954 958 964 966 973 976 994 997 1000 1010 1019 1021 1032 1036 
#19 197
0 11 21 26 30 39 52 56 58 65 66 71 78 83 98 102 104 109 111 122 129 133 138 153 154 165 185 186 190 193 198 208 214 230 232 233 237 239 241 255 262 272 274 283 286 291 295 296 307 309 310 312 319 323 326 334 351 356 369 370 383 385 388 392 398 400 402 404 405 407 419 422 442 444 446 447 448 451 452 454 456 459 470 486 488 489 495 496 509 517 518 535 550 558 559 561 564 566 568 575 576 577 590 599 603 608 611 629 631 633 636 644 651 659 661 669 673 676 678 681 683 685 704 708 713 714 721 722 724 728 729 730 735 737 738 739 743 744 746 748 762 768 778 782 785 789 790 795 803 811 815 830 835 840 842 845 846 859 864 865 871 876 882 883 887 891 899 903 920 924 930 931 935 936 937 940 947 952 954 957 958 963 964 966 967 970 973 982 985 996 1001 1012 1019 1021 1032 1036 1043 
#20 218
0 21 25 26 30 32 39 51 52 57 65 71 72 73 85 98 99 104 109 111 122 129 131 133 146 154 157 162 165 180 183 185 186 208 214 224 232 233 235 237 243 255 258 261 262 266 270 274 275 283 284 292 293 295 296 302 309 310 317 319 323 329 334 343 351 356 357 364 369 372 381 383 385 386 397 402 405 407 419 422 429 438 446 447 448 451 452 456 459 461 470 479 484 485 486 489 494 495 496 499 508 509 510 518 528 535 539 546 550 554 566 568 575 576 586 590 592 603 608 611 629 633 636 641 642 643 651 659 660 661 669 673 676 679 681 685 694 708 713 714 719 721 722 724 728 729 733 737 738 739 742 744 746 747 751 764 768 779 784 789 790 792 795 797 803 811 830 831 835 840 842 845 849 859 864 865 871 876 880 882 883 887 891 895 899 920 922 924 930 931 935 938 940 941 944 947 949 950 954 957 958 964 966 970 974 976 982 997 1000 1001 1010 1012 1019 1021 1027 1036 1043 1045 
#21 202
0 21 26 30 32 39 51 52 56 57 58 66 71 72 83 85 98 104 109 111 122 131 153 154 155 165 175 182 183 185 186 190 193 208 214 224 233 235 239 243 255 258 262 264 274 283 286 292 295 296 302 306 307 310 312 323 334 343 357 369 370 381 383 398 402 404 407 410 419 422 429 440 444 446 447 451 452 456 459 469 470 479 486 488 494 495 496 499 508 509 510 518 528 539 550 558 559 568 575 576 577 586 590 599 603 608 611 629 633 636 641 643 644 659 660 669 673 676 679 681 683 685 694 704 708 713 714 721 724 728 733 734 735 737 738 739 742 745 746 747 748 762 768 778 782 785 789 790 795 797 803 811 813 817 835 842 845 846 849 859 863 864 865 871 876 880 882 883 887 891 895 899 913 920 922 924 930 931 935 936 940 941 944 950 954 957 958 964 966 967 970 973 982 985 996 1000 1001 1012 1019 1021 1024 1036 
#22 67
0 26 39 52 57 85 98 109 122 165 186 193 233 235 258 295 296 310 323 343 381 383 407 419 459 470 486 495 496 509 510 518 539 550 586 611 636 643 676 679 708 713 721 728 735 737 746 747 790 817 842 859 864 876 880 891 899 924 930 931 935 954 958 964 966 1019 1021 
#23 19
0 2 27 230 237 369 422 454 479 559 577 586 599 751 830 936 944 991 1045 
#24 250
0 2 21 26 30 32 39 51 52 57 65 71 72 77 83 85 87 88 95 98 104 108 109 111 122 131 133 146 153 154 160 165 169 175 183 185 186 190 193 199 208 214 219 230 232 233 235 237 239 243 255 258 262 266 274 282 283 286 292 293 295 296 302 306 307 309 310 319 321 323 326 334 343 351 356 357 364 369 370 381 383 385 386 394 400 402 404 405 406 410 419 422 429 446 447 448 451 452 456 458 459 462 469 470 479 484 486 489 494 495 496 499 507 509 510 517 518 521 524 528 535 538 539 550 566 568 569 575 576 586 590 599 603 605 611 625 629 636 641 643 644 645 649 651 655 659 660 669 673 676 679 681 685 694 695 704 708 713 714 721 722 724 728 730 733 735 737 738 739 742 744 746 747 748 757 762 764 767 768 778 779 782 789 790 792 793 795 797 803 811 812 813 817 835 840 842 845 846 849 854 859 864 865 866 871 876 880 882 883 884 887 888 891 895 899 900 905 913 920 922 924 926 927 930 931 935 940 941 947 950 954 957 958 964 966 967 970 982 984 994 997 1000 1001 1010 1012 1019 1021 1024 1034 1036 
#25 146
0 25 30 51 52 66 71 96 104 108 109 122 139 154 155 160 165 182 183 185 186 193 194 208 219 235 239 259 272 276 286 292 295 296 309 310 321 323 356 364 369 392 397 398 406 407 418 438 444 456 458 459 462 470 486 488 494 495 496 503 509 518 530 535 540 550 575 586 590 596 599 611 625 629 636 641 644 645 649 651 653 659 660 661 676 679 696 708 709 713 721 724 735 737 738 745 747 748 751 766 769 778 779 785 790 793 811 816 835 842 845 849 852 859 864 865 876 880 882 899 902 920 922 923 926 927 930 931 934 935 941 948 958 964 966 970 985 991 996 1010 1012 1019 1021 1024 1043 1045 
#26 109
0 21 26 30 39 51 52 57 71 83 85 98 109 122 165 183 185 193 224 233 235 239 255 258 295 296 310 323 334 343 364 369 381 383 407 419 446 447 448 459 470 486 495 496 509 510 518 539 550 586 590 611 629 636 641 643 651 669 673 676 679 681 708 713 721 728 733 735 737 738 742 746 747 748 768 789 790 797 817 835 842 845 849 859 864 865 876 880 882 887 891 899 922 924 930 931 935 941 944 954 958 964 966 970 973 982 1019 1021 1036 
#27 104
0 21 30 51 57 72 83 98 104 108 109 122 153 165 183 185 186 193 255 258 266 274 286 292 295 309 310 323 334 356 364 370 381 406 446 447 448 452 456 458 462 470 479 486 494 495 509 518 535 550 611 629 636 643 651 673 676 679 681 685 708 713 721 730 735 737 738 742 746 747 748 757 762 768 769 778 785 789 790 811 817 845 849 864 865 876 880 882 883 899 926 927 930 931 935 950 958 966 970 982 994 1000 1012 1021 
#28 6
0 34 434 625 829 969 
#29 103
0 21 26 30 51 57 83 85 98 109 122 165 183 185 208 214 224 232 233 235 239 255 258 283 292 296 310 323 334 343 364 369 370 383 446 447 452 470 479 486 495 496 509 510 518 535 539 550 586 590 608 629 636 641 643 651 669 673 676 679 681 685 708 713 721 728 733 735 737 738 742 746 747 748 789 790 797 811 817 835 842 845 849 859 865 876 880 882 887 899 922 924 930 931 944 958 964 966 970 982 1000 1012 1021 
#30 127
0 21 26 30 39 83 85 98 102 109 134 165 183 185 186 193 214 224 233 255 258 271 283 284 292 293 295 296 302 309 310 312 317 323 326 351 357 369 381 383 394 405 407 440 446 447 456 470 477 495 496 507 509 510 518 528 550 566 586 589 590 603 629 636 641 643 651 656 659 673 679 681 685 694 708 713 714 721 728 729 733 734 735 737 738 742 745 746 747 748 762 764 768 778 779 790 797 803 835 842 845 849 859 864 876 883 887 891 895 899 920 922 924 927 930 935 942 944 954 964 966 973 994 1000 1001 1021 1032 
#31 101
0 11 13 30 72 73 95 98 153 154 155 160 161 162 165 182 192 217 244 253 286 298 302 315 321 356 357 364 380 388 392 397 406 424 429 444 456 462 470 478 486 496 509 512 526 553 560 569 614 625 643 644 649 655 661 677 679 687 691 709 712 717 724 734 745 747 782 785 790 793 804 812 815 816 833 838 845 847 849 852 854 859 880 883 884 922 926 931 934 937 944 950 953 958 966 976 979 994 997 999 1045 
#32 227
0 2 11 21 26 27 30 32 37 52 57 58 65 72 78 83 85 98 102 108 109 122 131 146 153 154 165 174 183 186 190 193 199 214 217 224 230 231 233 235 237 255 258 259 262 266 272 274 284 286 293 295 296 302 306 310 321 326 334 343 356 357 364 369 370 381 383 386 398 404 405 406 407 419 422 429 438 444 446 447 448 452 453 454 456 458 462 470 479 486 489 495 496 499 507 509 510 518 521 524 528 535 539 550 554 556 559 566 575 576 579 586 599 611 621 629 633 636 637 641 642 643 644 656 660 661 673 676 679 681 683 685 694 695 708 713 714 721 722 724 728 729 730 733 735 737 738 743 745 746 747 751 757 762 764 768 769 778 779 785 789 790 797 803 811 813 816 817 830 835 840 842 845 846 850 851 852 859 865 871 876 880 882 883 891 895 899 905 910 911 913 920 922 924 926 927 930 931 935 936 944 948 950 954 958 964 966 970 973 974 976 978 982 984 991 994 996 998 1000 1010 1012 1019 1021 1024 1036 1043 1045 
#33 73
0 21 26 30 39 83 85 98 109 165 183 185 186 193 214 233 255 258 295 296 323 369 381 383 407 446 470 495 496 509 550 586 590 629 636 641 643 651 673 679 681 685 708 713 721 728 733 735 737 738 742 746 747 768 790 797 835 842 849 859 864 876 887 891 899 922 930 935 944 954 964 966 1021 
#34 54
0 21 51 111 190 193 208 224 233 262 295 310 351 364 385 404 448 479 499 509 510 518 521 550 566 575 608 681 722 729 730 735 738 744 747 790 792 835 842 876 887 899 922 931 940 947 954 957 958 964 970 1001 1021 1032 
#35 168
0 11 21 30 37 51 58 71 72 98 102 104 108 111 122 131 154 155 160 165 182 183 185 190 193 208 214 217 219 224 231 232 235 239 255 262 266 274 283 284 286 295 296 302 310 312 317 321 323 326 331 334 343 351 356 357 364 370 394 402 405 406 410 422 447 448 452 456 458 459 462 469 470 479 486 495 496 507 509 518 528 535 539 550 566 575 590 599 603 608 636 641 643 644 649 651 656 660 669 673 676 679 681 696 704 708 713 721 722 724 729 730 733 734 735 738 742 744 745 746 757 762 769 785 789 790 792 795 816 817 835 842 845 849 852 859 865 866 876 880 882 887 899 922 924 926 931 935 940 944 947 950 954 957 958 964 966 970 973 982 994 997 1000 1001 1010 1012 1021 1036 
#36 131
0 21 30 51 52 57 58 71 83 98 102 108 109 122 165 183 185 186 190 193 208 214 224 231 232 233 235 239 255 262 271 283 284 295 310 317 323 334 351 357 364 369 370 385 404 440 446 447 448 452 470 479 486 489 495 496 509 510 518 535 539 550 566 575 586 590 603 608 611 636 641 660 673 676 679 681 694 704 708 713 722 728 729 730 733 734 735 737 738 744 745 746 747 748 790 792 797 803 811 813 817 835 842 849 859 865 876 880 882 899 920 922 926 931 935 940 947 950 954 957 958 964 966 970 973 994 1000 1001 1012 1021 1032 
#37 97
0 21 30 39 51 52 57 85 98 109 122 183 185 186 193 214 224 232 233 235 239 255 258 292 295 296 310 323 334 343 381 383 407 419 452 456 459 470 489 495 496 509 510 518 550 566 586 611 629 636 641 643 651 679 681 708 713 721 728 733 737 738 742 746 747 748 768 789 790 795 817 835 840 842 845 859 864 865 876 880 882 891 899 922 924 930 931 935 954 958 964 966 970 982 1000 1019 1021 
#38 55
0 30 51 109 165 183 186 233 235 258 295 296 309 356 364 369 383 456 470 486 495 509 539 550 636 641 673 676 679 708 713 721 737 746 747 748 790 811 817 849 859 865 866 876 880 882 926 930 931 950 958 964 966 1000 1021 
#39 234
0 2 21 25 26 30 31 32 34 37 39 51 52 57 58 64 65 72 83 85 96 98 100 102 111 131 133 134 145 154 162 165 183 185 186 190 193 199 208 214 217 224 229 231 233 235 243 255 258 260 262 266 271 274 282 283 284 286 291 292 293 295 296 302 306 310 312 317 319 321 323 326 334 351 357 369 370 381 383 385 394 397 400 402 404 405 406 407 419 429 434 440 446 447 448 452 453 459 470 477 479 489 495 496 499 507 508 509 510 518 521 526 528 539 550 566 575 576 577 579 582 586 589 590 603 604 608 611 621 625 629 633 636 637 643 651 655 656 660 661 664 673 676 679 681 694 695 704 708 713 714 721 722 724 728 729 730 733 734 735 737 738 742 744 745 746 747 757 762 764 768 785 789 790 792 797 803 811 813 816 817 829 830 835 840 842 845 849 850 851 859 863 864 871 876 880 883 887 891 899 903 922 924 927 930 931 935 940 942 944 947 954 957 958 964 966 969 970 973 974 982 984 994 996 997 1000 1001 1010 1012 1019 1021 1024 1032 1036 
#40 277
0 2 11 21 26 30 32 39 51 52 57 58 64 65 71 72 77 83 85 88 98 100 104 108 109 111 122 129 131 134 146 154 155 156 160 161 165 169 175 182 183 185 186 190 193 208 214 217 219 224 230 231 232 233 235 237 239 243 255 258 262 266 274 283 284 286 291 292 293 295 296 302 306 308 309 310 319 321 323 326 334 343 351 356 357 364 369 370 380 381 383 385 386 392 394 400 404 405 406 407 410 419 422 429 446 447 448 451 452 456 458 459 462 469 470 479 484 486 489 494 495 496 499 508 509 510 518 521 524 528 535 539 550 553 554 558 559 560 566 568 575 576 579 586 589 590 599 603 608 611 621 629 633 636 641 643 644 645 651 653 656 659 660 661 664 666 669 673 676 679 681 685 687 694 696 708 709 713 714 721 722 724 728 729 730 733 735 737 738 739 742 744 745 746 747 748 757 762 764 768 769 778 779 785 789 790 792 795 797 798 803 811 813 816 817 835 840 842 845 849 851 852 859 863 864 865 866 871 876 880 882 884 887 891 895 899 905 910 913 920 922 924 926 927 930 931 935 940 941 944 947 950 953 954 957 958 963 964 966 970 973 976 978 982 984 997 1000 1001 1010 1012 1019 1021 1024 1032 1034 1036 1039 
#41 103
0 21 26 39 51 52 57 71 83 98 109 111 122 165 183 185 186 193 208 214 224 232 233 235 239 255 262 292 295 296 310 323 343 351 364 369 381 383 446 448 452 470 486 489 495 496 509 510 518 539 550 586 608 611 636 643 651 669 673 676 679 681 685 708 713 728 729 733 737 738 742 746 747 768 790 795 797 811 817 835 840 842 859 864 876 880 882 891 899 922 930 931 935 947 954 958 964 966 970 1001 1012 1019 1021 
#42 189
0 2 11 18 26 27 30 32 37 39 51 58 65 72 85 98 102 108 109 111 122 129 131 134 153 154 162 183 185 190 193 208 224 230 231 232 233 235 237 239 243 255 258 262 271 274 275 283 284 286 293 296 302 310 312 317 319 323 326 334 351 356 357 369 370 383 385 407 422 429 440 446 447 451 459 469 470 477 479 489 495 496 508 509 510 517 518 535 539 550 556 566 568 575 577 579 586 589 590 599 607 608 617 629 633 636 641 649 656 673 676 678 681 685 694 708 713 714 722 724 728 729 730 733 734 735 737 738 739 744 745 746 747 762 764 768 772 778 779 789 790 795 797 803 813 816 830 840 842 845 849 859 864 871 882 883 887 891 895 899 905 913 920 931 935 940 941 942 944 947 952 964 966 970 974 976 982 984 994 996 1000 1007 1012 1014 1018 1019 1021 1024 1036 
#43 125
0 11 25 26 30 32 39 51 52 58 66 72 83 85 98 100 102 153 155 165 182 183 185 186 193 195 217 231 233 243 255 271 284 293 296 302 312 321 323 326 334 343 357 381 383 398 406 418 440 446 447 451 469 470 488 495 496 518 539 550 569 570 596 603 617 629 639 643 649 651 676 681 685 694 708 713 714 729 733 734 735 737 738 745 746 748 762 764 768 785 789 790 793 797 803 816 842 849 851 859 864 876 883 884 891 895 899 922 923 930 931 935 942 944 958 964 966 973 982 993 994 1000 1018 1021 1036 
#44 77
0 21 30 51 52 57 98 109 122 165 183 185 193 214 233 258 262 295 296 310 323 343 364 369 381 383 419 446 448 470 486 495 496 509 518 586 611 629 636 643 651 673 676 679 708 713 721 733 737 738 742 746 768 789 790 795 797 817 835 842 845 859 864 876 880 922 924 930 931 935 947 958 964 966 982 1019 1021 
#45 68
0 26 39 57 85 98 183 186 193 233 235 255 296 310 323 381 383 407 419 446 470 486 495 496 509 510 518 539 550 586 590 611 629 636 643 673 681 708 713 721 728 733 735 737 738 746 768 790 795 835 842 849 859 876 880 887 891 899 922 924 930 931 935 954 958 964 966 1021 
#46 125
0 21 58 65 71 87 98 102 111 122 183 185 186 190 193 208 214 224 231 232 233 239 262 266 271 274 283 284 286 292 302 310 317 319 323 326 334 351 369 370 381 385 404 419 440 447 448 452 470 479 489 495 496 499 509 510 518 521 528 550 566 575 576 590 603 608 629 636 643 669 673 681 694 704 708 713 721 722 729 730 733 734 735 737 738 744 747 762 789 790 792 795 797 803 813 835 840 842 845 849 859 865 871 876 891 899 924 931 935 940 944 947 957 958 964 966 970 973 982 994 1001 1012 1021 1032 1036 
#47 148
0 11 21 51 52 57 65 69 71 98 104 108 109 110 122 129 131 133 165 183 185 186 190 193 196 199 208 214 231 232 233 235 239 258 262 266 274 286 295 296 309 319 321 323 325 326 356 364 370 373 381 402 407 422 446 448 456 458 462 470 484 486 494 495 496 509 534 535 539 554 568 575 586 590 599 611 627 629 636 641 643 644 653 659 660 661 669 681 694 708 713 721 722 724 728 735 737 738 739 742 746 747 748 749 757 768 769 778 779 789 790 792 794 795 800 811 817 840 842 845 846 852 853 859 864 866 876 887 891 899 914 920 926 930 931 935 940 941 950 954 958 964 966 1000 1010 1012 1019 1021 
#48 72
0 21 71 83 85 98 111 165 185 208 214 224 231 232 233 283 286 302 310 323 334 343 351 357 381 407 446 448 452 470 479 495 496 509 518 550 566 608 611 636 673 676 681 685 694 708 713 729 733 735 738 746 768 790 797 803 835 859 865 899 922 931 935 954 958 964 966 970 973 1001 1012 1021 
#49 93
0 11 13 30 55 98 108 109 155 156 161 165 182 183 193 224 244 255 295 356 364 380 422 454 458 486 488 509 510 524 529 535 550 553 554 560 614 633 641 643 644 658 660 661 666 673 676 677 679 687 696 708 709 721 722 724 737 742 743 745 747 757 762 764 778 779 785 790 811 815 816 817 845 852 864 866 876 895 910 920 926 930 931 941 950 953 958 984 1000 1010 1016 1021 1039 
#50 40
0 21 65 71 87 111 122 185 208 232 233 239 262 274 310 323 419 448 489 499 509 510 518 575 636 643 669 713 722 729 735 790 795 840 842 865 931 964 970 1021 
#51 37
0 30 83 153 183 231 334 357 440 447 452 470 479 495 496 509 566 673 676 681 735 738 762 790 797 803 845 899 931 935 942 944 966 970 973 994 1021 
#52 114
0 21 30 39 51 52 57 65 71 83 85 98 111 165 183 185 186 190 193 208 224 232 233 235 239 255 258 262 274 283 295 296 310 323 334 351 364 369 370 381 385 407 419 446 447 452 456 470 486 489 495 496 509 510 518 535 550 566 575 586 590 608 629 636 643 669 679 685 713 722 728 729 733 735 738 742 744 746 747 768 789 790 792 795 817 835 842 845 849 859 864 865 876 880 887 891 899 930 931 935 940 941 944 954 958 964 966 982 1000 1001 1012 1019 1021 1036 
#53 97
0 21 30 39 51 52 57 85 98 109 122 183 185 186 193 214 224 232 233 235 239 255 258 292 295 296 310 323 334 343 381 383 407 419 452 456 459 470 489 495 496 509 510 518 550 566 586 611 629 636 641 643 651 679 681 708 713 721 728 733 737 738 742 746 747 748 768 789 790 795 817 835 840 842 845 859 864 865 876 880 882 891 899 922 924 930 931 935 954 958 964 966 970 982 1000 1019 1021 
#54 103
0 21 26 39 51 52 57 71 83 98 109 111 122 165 183 185 186 193 208 214 224 232 233 235 239 255 262 292 295 296 310 323 343 351 364 369 381 383 446 448 452 470 486 489 495 496 509 510 518 539 550 586 608 611 636 643 651 669 673 676 679 681 685 708 713 728 729 733 737 738 742 746 747 768 790 795 797 811 817 835 840 842 859 864 876 880 882 891 899 922 930 931 935 947 954 958 964 966 970 1001 1012 1019 1021 
#55 25
0 78 231 259 272 326 369 398 438 444 454 479 629 642 683 751 830 905 911 944 991 996 998 1043 1045 
#56 203
0 11 21 26 30 32 39 51 52 57 65 71 72 83 85 87 88 104 108 109 111 122 129 131 146 154 155 160 165 181 182 183 185 186 190 193 208 214 217 219 224 232 233 235 237 239 255 258 262 274 283 284 292 295 296 302 309 310 321 323 331 334 343 351 356 364 369 370 383 385 386 400 402 404 405 407 410 419 422 429 446 447 448 452 453 456 459 462 469 470 479 486 489 494 495 496 499 509 510 512 518 528 535 539 550 556 568 575 576 590 608 611 629 636 641 643 645 651 660 669 673 676 679 681 694 696 708 713 721 724 728 730 735 737 738 742 744 745 746 747 748 757 769 778 779 785 789 790 792 795 797 811 813 816 817 835 842 845 849 852 859 864 865 866 871 876 880 882 887 899 913 920 922 924 927 930 931 935 940 941 944 947 950 954 957 958 963 964 966 970 973 976 982 994 997 1000 1001 1010 1012 1019 1021 1032 1036 
#57 103
0 21 26 30 51 57 83 85 98 109 122 165 183 185 208 214 224 232 233 235 239 255 258 283 292 296 310 323 334 343 364 369 370 383 446 447 452 470 479 486 495 496 509 510 518 535 539 550 586 590 608 629 636 641 643 651 669 673 676 679 681 685 708 713 721 728 733 735 737 738 742 746 747 748 789 790 797 811 817 835 842 845 849 859 865 876 880 882 887 899 922 924 930 931 944 958 964 966 970 982 1000 1012 1021 
#58 72
0 18 26 52 58 96 98 139 162 193 235 237 243 255 271 275 284 296 324 334 351 357 369 383 398 429 446 451 470 495 496 508 510 539 550 586 589 603 617 629 636 643 681 694 708 713 714 728 729 737 738 745 746 762 772 790 803 816 842 851 859 876 891 899 931 944 966 974 1000 1014 1018 1021 
#59 94
0 21 51 65 71 98 111 122 165 185 190 193 208 214 232 233 239 262 274 283 310 323 334 343 351 370 385 404 405 419 448 452 459 470 479 486 489 495 509 510 518 550 575 590 608 636 643 651 669 673 681 708 722 728 729 735 737 738 744 746 789 790 792 795 811 835 840 842 845 859 865 876 899 922 924 930 931 935 940 941 944 947 954 957 958 964 966 970 973 982 1001 1012 1021 1036 
#60 5
0 101 194 625 993 
#61 3
0 376 966 
#62 36
0 4 41 53 117 180 181 182 220 221 241 251 264 268 314 335 350 352 397 435 437 476 519 526 555 561 686 741 820 827 901 909 975 1014 1015 1019 
#63 45
0 10 15 17 41 106 180 187 202 221 231 264 268 290 291 314 319 329 350 352 403 467 470 475 476 493 516 541 546 607 626 632 657 664 665 686 741 783 801 820 870 897 907 939 975 
#64 39
0 2 15 17 27 51 96 230 237 310 422 429 459 475 517 518 541 568 577 586 599 657 714 739 751 783 789 830 907 911 931 936 939 948 970 978 991 996 1043 
#65 27
0 6 8 43 63 68 204 225 245 328 436 450 490 497 571 587 613 654 670 692 725 774 862 929 968 1013 1028 
#66 17
0 97 245 328 431 450 490 571 725 754 862 877 915 918 929 968 1028 
#67 28
0 6 8 43 68 97 204 225 245 328 345 436 450 490 497 571 587 613 654 670 692 725 862 918 929 968 1013 1028 
#68 24
0 6 63 204 225 245 328 345 436 450 490 571 587 613 654 670 725 774 862 918 929 968 1013 1028 
