#1 1046 0 0.03000 0 	 0 0 22 44 3
#2 1046 0 0.02000 0 	 0 0 10 17 3
#3 1046 0 0.01000 0 	 0 0 21 20 2
#4 1046 0 0.03000 0 	 0 0 40 89 3
#5 1046 0 0.05000 0 	 0 0 65 127 3
#6 1046 0 0.03000 0 	 0 0 26 61 3
#7 1046 0 0.04000 0 	 0 0 27 51 3
#8 1046 0 0.03000 0 	 0 0 27 51 3
#9 1046 0 0.05000 0 	 0 0 29 54 3
#10 1046 0 0.00000 0 	 0 0 18 17 2
#11 1046 0 0.00000 0 	 0 0 6 5 2
#12 1046 0 0.03000 0 	 0 0 23 49 3
#13 1046 0 0.05000 0 	 0 0 294 613 3
#14 1046 0 0.03000 0 	 0 0 72 160 3
#15 1046 0 0.04000 0 	 0 0 273 559 3
#16 1046 0 0.00000 0 	 0 0 17 16 2
#17 1046 0 0.04000 0 	 0 0 174 369 3
#18 1046 0 0.04000 0 	 0 0 166 377 3
#19 1046 0 0.04000 0 	 0 0 197 400 3
#20 1046 0 0.03000 0 	 0 0 218 432 3
#21 1046 0 0.04000 0 	 0 0 202 406 3
#22 1046 0 0.02000 0 	 0 0 67 131 3
#23 1046 0 0.00000 0 	 0 0 19 18 2
#24 1046 0 0.05000 0 	 0 0 250 593 3
#25 1046 0 0.03000 0 	 0 0 146 293 3
#26 1046 0 0.03000 0 	 0 0 109 256 3
#27 1046 0 0.04000 0 	 0 0 104 323 4
#28 1046 0 0.00000 0 	 0 0 6 5 2
#29 1046 0 0.00000 0 	 0 0 103 102 2
#30 1046 0 0.03000 0 	 0 0 127 270 3
#31 1046 0 0.04000 0 	 0 0 101 197 3
#32 1046 0 0.04000 0 	 0 0 227 509 3
#33 1046 0 0.00000 0 	 0 0 73 72 2
#34 1046 0 0.00000 0 	 0 0 54 53 2
#35 1046 0 0.04000 0 	 0 0 168 382 3
#36 1046 0 0.03000 0 	 0 0 131 289 3
#37 1046 0 0.00000 0 	 0 0 97 96 2
#38 1046 0 0.03000 0 	 0 0 55 107 3
#39 1046 0 0.06000 0 	 0 0 234 536 3
#40 1046 0 0.08000 0 	 0 0 277 766 3
#41 1046 0 0.00000 0 	 0 0 103 102 2
#42 1046 0 0.06000 0 	 0 0 189 402 3
#43 1046 0 0.05000 0 	 0 0 125 245 3
#44 1046 0 0.00000 0 	 0 0 77 76 2
#45 1046 0 0.00000 0 	 0 0 68 67 2
#46 1046 0 0.03000 0 	 0 0 125 279 3
#47 1046 0 0.05000 0 	 0 0 148 303 3
#48 1046 0 0.00000 0 	 0 0 72 71 2
#49 1046 0 0.04000 0 	 0 0 93 183 3
#50 1046 0 0.03000 0 	 0 0 40 77 3
#51 1046 0 0.03000 0 	 0 0 37 105 4
#52 1046 0 0.00000 0 	 0 0 114 113 2
#53 1046 0 0.01000 0 	 0 0 97 96 2
#54 1046 0 0.00000 0 	 0 0 103 102 2
#55 1046 0 0.00000 0 	 0 0 25 24 2
#56 1046 0 0.05000 0 	 0 0 203 513 3
#57 1046 0 0.00000 0 	 0 0 103 102 2
#58 1046 0 0.03000 0 	 0 0 72 140 3
#59 1046 0 0.01000 0 	 0 0 94 93 2
#60 1046 0 0.00000 0 	 0 0 5 4 2
#61 1046 0 0.00000 0 	 0 0 3 2 2
#62 1046 0 0.03000 0 	 0 0 36 68 3
#63 1046 0 0.04000 0 	 0 0 45 86 3
#64 1046 0 0.04000 0 	 0 0 39 74 3
#65 1046 0 0.00000 0 	 0 0 27 26 2
#66 1046 0 0.00000 0 	 0 0 17 16 2
#67 1046 0 0.02000 0 	 0 0 28 53 3
#68 1046 0 0.00000 0 	 0 0 24 23 2
