#1 793 0 0.02000 0 	 0 0 15 39 4
#2 793 0 0.03000 0 	 0 0 40 84 3
#3 793 0 0.00000 0 	 0 0 13 12 2
#4 793 0 0.03000 0 	 0 0 91 199 3
#5 793 0 0.03000 0 	 0 0 101 217 3
#6 793 0 0.02000 0 	 0 0 31 60 3
#7 793 0 0.01000 0 	 0 0 27 55 3
#8 793 0 0.02000 0 	 0 0 15 27 3
#9 793 0 0.01000 0 	 0 0 34 70 3
#10 793 0 0.01000 0 	 0 0 24 23 2
#11 793 0 0.00000 0 	 0 0 10 9 2
#12 793 0 0.01000 0 	 0 0 37 92 3
#13 793 0 0.02000 0 	 0 0 100 230 3
#14 793 0 0.02000 0 	 0 0 46 96 3
#15 793 0 0.02000 0 	 0 0 71 149 3
#16 793 0 0.00000 0 	 0 0 39 38 2
#17 793 0 0.02000 0 	 0 0 104 239 3
#18 793 0 0.02000 0 	 0 0 113 275 3
#19 793 0 0.02000 0 	 0 0 96 227 3
#20 793 0 0.02000 0 	 0 0 38 76 3
#21 793 0 0.01000 0 	 0 0 70 149 3
#22 793 0 0.02000 0 	 0 0 29 55 3
#23 793 0 0.00000 0 	 0 0 7 6 2
#24 793 0 0.02000 0 	 0 0 102 216 3
#25 793 0 0.02000 0 	 0 0 114 290 3
#26 793 0 0.01000 0 	 0 0 67 134 3
#27 793 0 0.03000 0 	 0 0 80 163 3
#28 793 0 0.00000 0 	 0 0 53 52 2
#29 793 0 0.00000 0 	 0 0 41 40 2
#30 793 0 0.02000 0 	 0 0 73 157 3
#31 793 0 0.03000 0 	 0 0 113 259 3
#32 793 0 0.02000 0 	 0 0 104 244 3
#33 793 0 0.00000 0 	 0 0 9 8 2
#34 793 0 0.00000 0 	 0 0 9 8 2
#35 793 0 0.02000 0 	 0 0 16 16 2
#36 793 0 0.01000 0 	 0 0 11 18 3
#37 793 0 0.00000 0 	 0 0 8 7 2
#38 793 0 0.01000 0 	 0 0 6 9 3
#39 793 0 0.02000 0 	 0 0 15 26 3
#40 793 0 0.01000 0 	 0 0 19 42 3
#41 793 0 0.00000 0 	 0 0 18 17 2
#42 793 0 0.03000 0 	 0 0 89 177 3
#43 793 0 0.02000 0 	 0 0 122 248 3
#44 793 0 0.00000 0 	 0 0 14 13 2
#45 793 0 0.00000 0 	 0 0 12 11 2
#46 793 0 0.03000 0 	 0 0 39 81 3
#47 793 0 0.03000 0 	 0 0 181 477 3
#48 793 0 0.00000 0 	 0 0 14 13 2
#49 793 0 0.02000 0 	 0 0 51 113 3
#50 793 0 0.02000 0 	 0 0 134 276 3
#51 793 0 0.02000 0 	 0 0 9 15 3
#52 793 0 0.00000 0 	 0 0 21 20 2
#53 793 0 0.00000 0 	 0 0 15 14 2
#54 793 0 0.00000 0 	 0 0 10 9 2
#55 793 0 0.00000 0 	 0 0 51 50 2
#56 793 0 0.02000 0 	 0 0 127 258 3
#57 793 0 0.00000 0 	 0 0 17 16 2
#58 793 0 0.02000 0 	 0 0 73 144 3
#59 793 0 0.00000 0 	 0 0 26 25 2
#60 793 0 0.00000 0 	 0 0 31 30 2
#61 793 0 0.01000 0 	 0 0 51 50 2
#62 793 0 0.02000 0 	 0 0 80 158 3
#63 793 0 0.02000 0 	 0 0 11 18 3
#64 793 0 0.01000 0 	 0 0 25 46 3
#65 793 0 0.00000 0 	 0 0 17 16 2
#66 793 0 0.00000 0 	 0 0 2 1 2
#67 793 0 0.01000 0 	 0 0 9 15 3
#68 793 0 0.00000 0 	 0 0 3 2 2
#69 793 0 0.01000 0 	 0 0 17 16 2
#70 793 0 0.01000 0 	 0 0 15 27 3
#71 793 0 0.01000 0 	 0 0 9 15 3
#72 793 0 0.03000 0 	 0 0 78 154 3
#73 793 0 0.00000 0 	 0 0 29 28 2
#74 793 0 0.00000 0 	 0 0 15 14 2
#75 793 0 0.00000 0 	 0 0 34 33 2
#76 793 0 0.00000 0 	 0 0 49 48 2
#77 793 0 0.03000 0 	 0 0 94 243 3
#78 793 0 0.00000 0 	 0 0 40 39 2
#79 793 0 0.03000 0 	 0 0 78 152 3
#80 793 0 0.02000 0 	 0 0 98 225 3
#81 793 0 0.00000 0 	 0 0 37 36 2
#82 793 0 0.00000 0 	 0 0 29 28 2
#83 793 0 0.04000 0 	 0 0 89 177 3
#84 793 0 0.02000 0 	 0 0 114 227 3
#85 793 0 0.02000 0 	 0 0 103 227 3
#86 793 0 0.02000 0 	 0 0 103 212 3
#87 793 0 0.03000 0 	 0 0 101 220 3
#88 793 0 0.02000 0 	 0 0 34 96 4
#89 793 0 0.03000 0 	 0 0 112 221 3
#90 793 0 0.04000 0 	 0 0 93 222 3
#91 793 0 0.02000 0 	 0 0 113 262 3
#92 793 0 0.03000 0 	 0 0 108 246 3
#93 793 0 0.03000 0 	 0 0 97 199 3
#94 793 0 0.02000 0 	 0 0 103 228 3
#95 793 0 0.02000 0 	 0 0 38 73 3
#96 793 0 0.02000 0 	 0 0 114 272 3
#97 793 0 0.02000 0 	 0 0 100 197 3
#98 793 0 0.00000 0 	 0 0 54 53 2
#99 793 0 0.00000 0 	 0 0 18 17 2
#100 793 0 0.02000 0 	 0 0 54 123 3
#101 793 0 0.01000 0 	 0 0 19 35 3
#102 793 0 0.03000 0 	 0 0 45 97 3
#103 793 0 0.03000 0 	 0 0 20 36 3
#104 793 0 0.01000 0 	 0 0 10 17 3
#105 793 0 0.02000 0 	 0 0 6 9 3
