105
#1 15
0 2 64 71 172 297 348 505 514 520 543 585 721 734 768 
#2 40
0 2 8 51 64 71 92 121 171 213 245 293 348 365 385 409 425 434 441 491 505 514 520 529 538 555 556 559 585 594 627 639 645 649 711 721 735 768 771 776 
#3 13
0 64 80 121 171 409 416 505 514 520 543 689 721 
#4 91
0 2 26 48 51 53 56 60 64 68 71 80 99 110 117 121 139 155 171 172 182 187 202 211 213 214 237 267 269 280 283 297 341 348 353 365 373 381 398 409 420 424 425 430 434 435 437 449 452 462 467 501 505 514 520 522 528 529 538 543 559 566 573 575 576 585 594 602 617 627 639 641 645 649 677 683 696 701 708 711 714 721 726 734 740 750 752 758 766 768 776 
#5 101
0 1 2 8 15 48 53 56 60 64 68 71 78 89 94 99 117 135 139 144 171 172 175 185 206 213 237 245 246 250 260 282 283 293 297 308 319 335 336 341 347 348 353 362 364 365 385 398 409 415 416 418 425 434 441 449 455 456 470 482 491 501 505 512 514 520 522 529 531 540 543 559 575 585 593 605 606 609 627 631 642 645 649 675 686 689 699 701 710 721 725 726 734 735 741 746 752 767 768 771 790 
#6 31
0 36 37 64 71 117 162 213 237 280 293 297 308 347 348 365 409 425 449 505 514 520 529 538 585 597 599 627 629 649 686 
#7 27
0 64 68 80 121 171 245 347 348 365 409 416 425 434 505 514 520 528 543 559 585 639 649 689 711 721 768 
#8 15
0 36 37 64 162 213 237 280 308 347 348 425 538 599 649 
#9 34
0 51 53 64 68 71 121 171 297 348 364 365 409 425 434 449 452 467 505 514 520 528 529 559 585 594 639 649 701 711 721 726 766 776 
#10 24
0 64 68 71 171 237 297 348 364 365 425 434 505 514 520 528 529 559 585 649 701 711 721 768 
#11 10
0 101 156 180 216 230 349 378 525 644 
#12 37
0 1 59 120 175 220 239 283 363 382 398 407 424 430 450 462 464 465 496 503 524 531 534 537 556 615 634 645 651 674 687 705 706 733 751 752 790 
#13 100
0 1 12 27 52 56 59 60 83 89 112 120 122 127 135 138 175 188 191 206 226 239 246 250 260 297 319 335 359 363 385 386 388 393 396 398 405 424 430 437 450 455 458 460 465 470 482 491 496 501 503 505 524 531 534 537 540 550 553 555 558 561 564 576 577 591 593 600 605 612 614 615 619 626 628 631 634 641 645 653 674 675 684 697 699 700 705 707 708 710 715 732 741 746 751 752 761 767 778 790 
#14 46
0 1 12 24 41 48 59 120 139 165 170 175 220 239 283 357 398 407 424 427 430 462 465 496 501 524 531 534 537 553 612 616 626 634 645 652 674 687 702 705 706 715 733 736 751 790 
#15 71
0 1 14 56 83 89 107 112 122 135 170 175 191 195 206 220 246 250 285 316 319 335 367 382 385 396 407 418 430 437 450 451 465 470 482 491 497 501 521 537 553 558 576 591 600 605 619 621 626 631 634 645 651 653 670 674 675 684 690 699 700 705 706 715 741 746 752 761 772 775 790 
#16 39
0 1 14 59 83 107 135 170 195 206 285 316 319 382 396 418 430 450 465 470 482 521 553 558 591 600 605 631 634 645 651 670 684 699 706 746 752 772 790 
#17 104
0 1 14 52 56 59 60 83 89 94 107 112 120 123 135 138 170 175 191 195 206 212 226 246 250 282 285 297 319 335 337 338 362 363 367 373 382 385 386 396 398 407 418 424 430 437 450 451 455 460 462 470 482 491 496 497 501 505 521 524 537 540 550 553 556 558 577 591 593 600 605 615 619 621 628 631 634 641 642 645 651 653 670 674 675 684 699 700 702 705 706 708 715 732 733 736 746 751 752 761 772 775 778 790 
#18 113
0 1 14 15 52 56 59 60 83 89 94 107 120 122 127 135 138 170 175 182 188 191 206 212 220 239 250 260 282 283 285 319 322 335 337 338 357 359 363 367 382 385 388 393 396 398 407 418 424 427 430 437 450 451 455 458 462 464 465 470 482 497 501 503 505 512 521 531 534 537 540 553 558 564 576 591 593 600 605 606 612 614 619 621 626 631 634 642 645 651 652 653 673 674 675 684 687 699 700 702 705 706 710 715 736 741 746 751 752 761 767 778 790 
#19 96
0 1 12 24 41 48 56 59 60 83 89 94 120 123 135 139 165 170 175 191 206 220 239 246 250 282 283 285 319 335 338 357 363 367 382 385 396 398 407 418 424 427 430 450 455 462 464 465 470 491 496 501 503 505 524 531 534 537 550 553 556 558 576 593 605 612 615 616 621 626 631 634 642 645 651 652 653 674 675 684 687 697 699 700 702 705 706 710 715 733 741 751 752 761 767 790 
#20 38
0 27 56 83 89 122 127 135 175 188 191 199 211 250 319 359 385 393 405 420 437 458 465 482 527 540 546 561 564 593 653 675 690 700 710 715 761 790 
#21 70
0 1 12 14 24 41 48 59 83 120 123 138 139 165 170 175 191 220 226 239 283 285 316 357 363 382 386 396 407 424 427 450 451 460 462 464 465 482 496 501 521 524 531 534 537 540 553 577 600 612 615 616 619 628 634 641 650 651 652 674 687 705 706 732 733 751 752 767 778 790 
#22 29
0 1 59 83 135 170 175 282 283 319 398 407 424 430 450 465 496 503 524 531 534 634 645 674 687 705 733 751 790 
#23 7
0 89 188 359 527 540 546 
#24 102
0 1 14 56 59 60 83 94 107 112 120 122 135 138 170 175 191 195 206 220 226 239 250 282 283 285 316 319 335 337 363 367 382 385 386 396 398 407 418 424 430 437 450 451 455 460 465 470 482 491 496 497 503 505 512 521 524 534 537 550 553 558 576 577 591 593 600 605 615 619 621 628 631 634 641 642 645 651 670 674 675 684 690 697 699 700 702 705 706 708 710 732 733 736 741 751 752 761 772 775 778 790 
#25 114
0 1 14 52 59 83 89 94 107 112 120 122 123 135 138 165 170 175 191 195 206 212 220 226 239 246 250 283 285 296 316 319 335 337 338 362 363 367 373 382 385 386 396 398 407 418 424 430 437 450 451 455 460 462 464 465 470 482 491 496 497 501 503 505 521 522 524 531 534 537 540 550 553 556 558 577 591 600 605 612 615 619 621 626 628 631 634 641 645 650 651 652 670 674 675 684 687 690 699 702 705 706 715 732 733 736 746 751 752 767 772 775 778 790 
#26 67
0 1 14 56 59 83 107 135 188 191 195 206 246 250 282 283 285 316 319 338 359 367 382 385 393 396 398 407 418 424 430 437 450 458 465 470 482 496 497 540 553 558 561 576 591 593 600 605 614 634 642 645 653 670 674 699 700 702 706 710 715 741 746 752 761 772 790 
#27 80
0 1 12 14 24 27 41 48 52 56 59 83 89 120 122 123 127 138 139 165 188 206 220 226 239 283 357 359 367 382 385 388 393 396 398 405 424 427 437 450 458 462 465 482 496 501 503 524 531 534 537 540 553 556 561 564 600 612 614 615 616 628 634 650 651 652 653 674 675 687 699 700 705 706 707 715 751 752 767 790 
#28 53
0 1 14 59 83 107 120 135 170 175 191 195 206 212 285 316 319 337 367 382 396 418 430 450 465 470 482 497 501 503 521 553 558 591 600 605 619 621 631 634 645 651 670 684 699 702 706 736 746 752 772 775 790 
#29 41
0 1 59 83 120 135 138 170 175 195 206 212 319 337 338 367 382 398 430 450 451 462 465 470 482 503 537 553 558 591 605 621 631 634 645 674 699 702 736 752 790 
#30 73
0 1 56 59 60 83 89 94 107 112 135 170 175 191 239 250 282 283 285 319 335 338 367 382 385 396 398 407 418 430 437 450 455 464 465 470 482 497 501 503 505 512 521 531 540 553 558 591 593 600 605 619 631 634 645 653 674 675 684 687 699 700 702 706 710 715 741 746 751 752 761 767 790 
#31 113
0 1 8 14 27 52 53 56 59 60 83 89 92 94 107 120 129 135 170 175 182 188 191 195 206 214 226 239 246 260 282 285 297 316 319 335 342 363 373 381 382 385 396 398 407 418 423 430 437 441 450 455 461 462 465 470 482 491 501 503 505 521 524 529 537 549 550 553 555 556 558 561 564 576 591 593 600 605 612 614 628 631 634 642 645 651 652 653 656 670 673 674 675 684 690 697 699 700 706 708 710 715 733 735 741 746 750 752 761 772 777 778 790 
#32 104
0 1 14 48 56 59 60 83 89 94 107 120 123 135 138 170 175 191 195 206 212 226 239 246 282 283 285 297 316 319 335 338 363 367 382 385 386 396 398 407 418 424 430 437 450 455 460 464 465 470 482 491 496 497 501 503 505 512 521 524 531 534 537 550 553 558 576 591 593 600 605 615 619 621 628 631 634 641 642 645 651 653 670 674 675 684 690 699 700 702 706 708 710 715 732 733 741 746 752 761 772 775 778 790 
#33 9
0 272 609 693 731 756 757 781 783 
#34 9
0 272 609 693 731 756 757 781 783 
#35 16
0 206 212 272 326 362 377 609 621 624 693 731 756 757 781 783 
#36 11
0 200 272 552 609 693 731 756 757 781 783 
#37 8
0 113 183 238 573 601 681 744 
#38 6
0 201 234 445 629 681 
#39 15
0 51 54 147 279 281 295 325 329 343 358 366 374 420 506 
#40 19
0 51 54 147 265 279 281 295 325 329 343 358 366 374 410 420 429 506 723 
#41 18
0 58 71 99 185 264 278 301 379 435 539 548 606 608 609 618 724 740 
#42 89
0 1 27 49 52 55 56 67 71 83 88 89 99 107 120 122 127 129 135 137 138 173 174 188 206 208 212 214 226 285 296 325 338 359 386 388 395 396 397 407 424 437 450 451 458 465 474 487 489 496 497 503 523 524 530 540 550 551 553 561 563 564 566 571 585 593 600 609 613 619 634 651 653 661 666 674 684 690 692 706 707 715 720 729 733 748 750 775 790 
#43 122
0 1 5 8 15 26 27 49 52 55 56 58 67 71 83 85 89 99 107 114 122 123 127 129 135 137 143 145 154 158 167 173 174 185 188 206 208 214 246 260 264 267 272 278 285 296 301 325 359 373 379 388 395 396 397 435 437 450 451 458 465 474 487 489 497 502 503 505 507 519 524 530 539 540 548 550 553 561 563 564 566 571 585 588 593 600 606 608 609 617 618 619 628 633 651 653 661 666 680 681 690 693 697 706 707 713 715 720 724 729 731 740 748 750 752 756 757 774 775 781 783 785 
#44 14
0 5 154 223 267 335 348 435 539 566 573 602 701 777 
#45 12
0 5 123 206 351 501 502 566 680 681 761 765 
#46 39
0 5 15 26 42 71 99 158 175 185 208 214 250 260 278 301 345 435 456 482 487 501 505 539 541 548 550 571 606 609 613 618 681 684 692 724 750 759 767 
#47 181
0 1 5 8 14 27 30 36 48 52 55 56 59 71 76 83 89 92 94 107 110 112 114 120 122 123 127 129 132 133 135 138 160 167 170 174 175 183 186 191 195 206 211 212 214 220 221 223 226 228 239 246 250 259 260 282 283 285 292 296 297 304 316 319 325 335 337 338 351 353 363 367 373 381 382 385 388 390 395 396 398 407 418 420 423 424 430 435 437 441 445 450 451 455 459 462 464 465 466 470 474 482 491 495 496 497 501 503 505 506 508 521 524 529 531 534 537 540 550 553 556 557 558 563 566 567 576 577 591 593 600 605 606 613 615 619 621 626 628 630 631 634 642 645 650 651 653 656 670 674 675 684 687 690 695 697 698 699 702 705 706 708 710 712 715 720 721 728 735 736 740 746 750 751 752 758 761 767 772 775 790 
#48 14
0 40 127 160 301 381 414 427 437 509 516 541 615 681 
#49 51
0 15 26 55 58 60 71 88 99 125 129 173 174 185 206 208 214 246 264 278 284 301 397 435 456 460 474 487 523 539 541 548 550 566 571 588 606 608 609 618 653 666 684 692 713 720 724 740 748 750 759 
#50 134
0 1 8 14 15 55 56 59 67 71 83 88 92 107 112 114 120 122 123 127 129 135 137 138 144 155 173 174 175 183 191 195 206 212 246 250 285 292 297 304 326 337 338 362 367 381 382 385 390 395 396 397 398 418 430 441 442 445 450 451 459 462 464 465 466 470 474 482 487 489 491 496 497 501 502 503 505 521 523 524 529 530 537 539 550 553 556 558 560 566 567 587 591 600 605 609 612 619 621 624 628 630 631 633 634 645 650 651 659 661 666 670 674 675 684 690 696 699 702 706 712 720 729 735 736 741 746 752 759 772 775 785 787 790 
#51 9
0 55 173 174 206 208 397 609 666 
#52 21
0 1 8 55 56 110 160 174 260 304 363 395 557 566 593 613 630 653 695 698 708 
#53 15
0 28 33 106 164 249 295 345 508 592 632 656 664 673 716 
#54 10
0 18 70 164 404 469 483 516 617 762 
#55 51
0 5 18 25 56 60 64 70 102 106 110 164 187 202 208 267 287 297 303 330 345 348 357 381 404 408 420 425 429 434 437 446 456 467 469 508 516 574 592 598 611 617 620 632 641 662 753 758 760 761 762 
#56 127
0 1 12 14 17 33 40 52 59 65 83 106 107 112 120 122 123 127 135 138 164 167 170 175 183 189 191 195 199 202 206 212 216 219 246 249 284 285 287 296 311 316 319 337 342 345 357 367 382 385 395 396 398 418 427 430 450 451 462 464 465 466 470 482 495 496 497 501 502 503 508 509 514 521 523 524 525 531 534 537 550 553 556 558 560 563 576 591 592 600 601 605 606 608 617 619 621 626 631 634 645 650 651 653 656 660 661 673 675 683 684 690 696 699 702 706 710 712 715 716 736 746 752 772 775 787 790 
#57 17
0 17 51 65 75 106 122 201 269 351 366 393 619 639 646 650 767 
#58 73
0 1 5 14 17 40 51 62 65 75 83 106 107 112 120 122 133 154 160 170 175 186 191 195 201 206 221 269 285 296 316 321 337 351 366 367 382 393 396 418 430 436 450 451 464 465 482 487 497 501 503 508 521 531 540 553 591 600 605 619 621 631 634 639 646 650 651 670 706 752 767 772 775 
#59 26
0 7 30 99 126 155 190 199 325 381 420 448 464 487 501 531 563 566 571 613 683 697 704 720 752 765 
#60 31
0 12 24 41 48 59 83 139 165 175 220 239 283 357 407 424 427 465 503 524 531 534 612 616 645 674 687 705 751 767 790 
#61 51
0 5 18 25 56 60 64 70 102 106 110 164 187 202 208 267 287 297 303 330 345 348 357 381 404 408 420 425 429 434 437 446 456 467 469 508 516 574 592 598 611 617 620 632 641 662 753 758 760 761 762 
#62 80
0 1 14 17 28 33 55 65 70 71 83 106 107 112 120 122 127 135 164 170 175 191 195 206 249 250 285 287 301 316 319 337 345 367 382 393 396 415 418 430 434 450 451 455 465 470 482 497 503 521 550 553 557 558 591 592 600 605 617 619 621 631 642 645 651 656 670 682 684 690 699 702 706 716 736 738 752 772 775 790 
#63 11
0 28 33 65 106 249 345 592 612 622 763 
#64 25
0 17 33 65 106 164 216 219 249 284 287 314 345 491 508 513 528 553 577 592 598 617 673 710 716 
#65 17
0 8 56 71 137 246 390 450 459 489 530 656 667 681 724 729 758 
#66 2
0 582 
#67 9
0 141 204 400 454 472 552 570 709 
#68 3
0 130 625 
#69 17
0 10 39 43 224 234 305 318 328 354 637 663 668 672 679 737 779 
#70 15
0 10 43 224 234 305 328 354 637 663 668 672 679 737 779 
#71 9
0 25 64 303 357 408 429 617 753 
#72 78
0 4 6 9 13 19 34 46 79 86 95 96 98 115 119 124 142 148 152 169 181 207 210 222 225 232 235 242 252 254 255 257 258 261 265 266 273 290 291 306 309 312 313 332 333 339 350 368 369 380 383 389 401 411 421 426 432 438 444 453 466 493 500 510 515 518 547 578 584 638 678 717 718 742 754 773 782 791 
#73 29
0 29 46 91 95 98 105 119 142 152 181 210 225 256 262 273 274 289 290 291 306 320 346 403 421 572 718 773 789 
#74 15
0 82 103 105 294 399 401 536 545 586 589 648 657 669 717 
#75 34
0 23 69 72 79 91 95 217 222 235 261 277 327 333 339 371 372 383 421 432 438 453 463 473 488 500 510 518 584 610 703 742 755 782 
#76 49
0 4 9 16 29 34 57 91 95 96 119 124 157 169 181 207 210 215 222 225 242 252 255 256 257 262 265 266 273 274 286 289 290 306 315 320 332 380 401 411 426 447 457 578 584 638 703 718 782 
#77 94
0 6 9 16 19 23 38 57 69 79 82 90 91 95 96 97 115 124 128 152 181 205 209 210 215 217 218 222 232 235 251 252 255 257 258 259 261 262 265 273 274 275 289 290 291 299 302 306 312 323 331 332 334 339 340 346 360 368 371 372 375 387 394 401 411 421 426 432 438 444 447 453 468 493 500 510 572 578 584 590 610 647 678 694 703 717 718 719 739 742 773 782 789 791 
#78 40
0 4 19 69 79 82 96 97 115 128 205 217 222 235 252 261 274 275 290 302 339 340 346 360 372 375 432 438 453 468 526 572 584 678 717 719 739 773 789 791 
#79 78
0 4 16 19 20 34 38 57 95 96 98 119 124 151 157 169 177 181 192 205 209 210 215 222 242 251 252 256 257 259 261 262 263 271 274 286 290 302 312 315 332 333 339 356 368 372 380 387 401 403 411 412 426 428 438 444 447 457 466 493 500 510 515 526 547 578 584 603 638 655 688 703 718 742 743 749 754 782 
#80 98
0 4 6 9 16 20 23 29 34 38 46 57 69 72 90 91 95 96 98 115 119 124 128 142 157 169 181 207 209 215 217 222 225 235 252 254 255 257 259 261 262 266 271 273 274 286 289 302 306 312 315 320 323 332 334 339 340 346 350 368 371 372 380 387 394 401 403 411 412 426 432 444 447 457 463 468 473 488 493 500 510 518 526 536 547 578 584 590 638 655 694 703 717 718 739 742 754 782 
#81 37
0 29 38 96 177 181 207 210 222 225 251 252 256 261 262 266 271 273 274 286 292 302 306 312 315 346 368 380 387 403 426 447 466 526 547 694 718 
#82 29
0 29 46 91 95 98 105 119 142 152 181 210 225 256 262 273 274 289 290 291 306 320 346 403 421 572 718 773 789 
#83 89
0 9 16 23 29 35 38 45 46 57 82 84 86 91 95 98 105 119 142 148 152 169 181 192 207 209 210 222 225 242 252 253 255 256 259 261 262 263 265 266 271 273 274 277 286 289 290 291 292 306 320 332 346 350 368 369 372 401 403 411 421 426 433 443 447 466 490 494 500 504 510 526 536 547 565 581 584 596 647 655 678 718 742 747 754 773 782 784 789 
#84 114
0 3 9 13 16 19 20 21 23 29 34 46 50 69 79 90 91 95 96 98 103 105 111 119 124 128 131 142 148 149 152 157 169 181 193 196 205 207 210 215 222 225 232 241 242 252 253 256 262 263 265 266 271 273 274 275 277 286 289 290 291 299 302 306 312 315 320 324 327 346 350 368 369 371 372 403 411 412 421 426 432 433 438 443 447 453 457 479 480 486 493 500 510 547 565 572 578 584 596 610 638 654 655 657 678 694 703 717 718 742 749 773 782 789 
#85 103
0 4 6 9 16 19 20 23 29 34 57 69 79 82 95 96 97 98 115 124 128 142 152 169 177 181 205 207 209 210 217 218 222 225 232 235 242 252 256 259 261 262 271 273 274 275 286 289 290 291 292 299 302 306 312 320 323 331 332 339 340 346 368 371 372 375 380 387 401 411 412 426 432 438 444 453 466 468 493 500 510 526 536 547 572 578 584 590 610 638 647 678 694 703 717 718 719 742 754 773 782 789 791 
#86 103
0 4 9 13 16 19 23 29 34 38 46 57 69 72 79 82 84 90 95 96 98 105 119 124 128 142 148 152 157 169 181 192 207 210 215 218 232 241 242 252 254 255 256 257 258 262 265 266 271 273 274 286 289 290 291 302 306 312 315 320 327 331 332 334 340 346 350 368 371 372 383 401 403 411 421 426 432 433 444 447 457 463 473 488 510 518 536 547 572 578 580 584 638 658 694 703 718 742 754 755 773 782 789 
#87 101
0 4 9 16 19 20 21 29 34 35 46 57 79 87 90 91 95 96 98 105 119 124 128 131 148 152 157 169 177 181 192 194 205 207 210 215 218 222 225 235 242 252 253 254 255 256 257 262 265 266 270 273 274 286 289 290 292 302 306 315 320 324 332 340 346 350 380 392 401 406 411 421 426 433 447 453 457 466 468 474 479 526 536 547 565 572 578 584 596 638 654 658 678 694 703 718 742 754 773 782 789 
#88 34
0 4 34 38 91 95 96 98 124 128 142 209 215 222 235 255 256 257 258 262 273 290 302 312 368 372 426 438 493 547 584 694 718 782 
#89 112
0 4 6 9 16 20 21 23 29 34 38 45 50 57 72 86 91 95 96 98 103 111 119 124 128 131 149 157 169 177 181 205 207 209 210 215 217 218 222 235 251 252 257 259 262 271 273 274 289 290 292 302 306 312 315 320 324 331 333 339 340 346 356 360 368 372 380 383 387 394 399 401 403 412 426 432 438 443 444 447 457 468 480 488 490 493 494 500 504 515 526 536 547 578 584 590 603 610 638 654 655 694 703 717 718 739 742 745 754 773 782 791 
#90 93
0 4 6 9 13 16 29 34 38 57 69 72 90 91 95 96 98 105 108 115 119 124 128 136 142 148 152 157 163 169 181 193 205 209 215 222 235 242 251 252 255 257 258 259 261 262 263 265 273 286 299 302 312 331 332 334 339 350 360 368 372 380 387 394 411 426 432 438 444 447 457 463 468 486 493 500 510 518 526 578 584 603 638 678 694 703 718 719 739 742 754 773 782 
#91 113
0 4 6 9 16 19 20 21 23 29 34 38 46 57 79 82 84 90 91 95 96 97 98 115 119 124 128 142 157 169 177 181 205 207 209 215 217 218 222 232 235 252 254 257 259 261 262 270 271 273 274 275 277 286 289 291 302 306 312 315 320 323 332 334 339 340 346 360 368 371 372 375 380 387 394 401 403 411 412 421 426 432 438 444 447 453 457 468 493 500 526 536 547 572 578 584 590 610 638 647 655 694 703 717 718 719 739 742 754 773 782 789 791 
#92 108
0 4 6 9 16 29 34 38 57 69 72 79 86 91 95 96 98 119 124 128 142 152 157 169 177 181 192 207 209 210 215 217 222 225 232 235 241 251 252 255 256 257 258 259 261 262 265 266 271 273 274 286 290 292 302 306 312 315 331 332 339 340 346 350 368 371 372 380 387 394 399 401 403 411 412 426 432 438 444 447 453 457 463 466 468 473 488 493 500 518 526 547 578 580 584 590 603 638 647 658 694 703 717 718 719 742 782 791 
#93 97
0 3 4 9 16 19 23 29 34 35 46 57 66 79 87 90 91 95 96 98 103 105 119 124 148 152 157 169 181 192 193 194 196 205 207 210 215 222 225 235 241 242 252 253 254 255 256 257 262 265 266 270 273 274 286 289 290 306 315 320 332 350 380 399 401 403 411 421 426 433 438 447 457 466 488 490 536 565 572 578 581 583 584 586 589 638 640 654 658 678 703 718 747 770 773 782 789 
#94 103
0 4 6 9 16 29 38 46 69 79 90 91 95 96 98 103 105 124 128 142 148 152 157 169 177 181 207 209 210 215 217 222 225 235 241 251 252 255 256 257 258 259 261 262 266 271 273 274 286 292 302 306 312 315 320 331 332 334 340 346 350 368 372 380 387 394 399 403 411 426 438 444 447 453 466 468 493 500 526 536 545 547 565 578 580 584 586 638 648 657 658 669 678 694 703 717 718 719 742 755 773 782 786 
#95 38
0 4 9 29 34 46 91 95 96 98 124 128 142 181 205 207 222 251 258 259 261 266 271 273 290 302 306 350 438 453 493 584 638 678 694 718 773 782 
#96 114
0 1 4 6 9 14 16 29 34 38 57 59 91 95 96 98 107 112 119 120 124 135 157 169 181 191 195 206 207 209 212 215 222 242 251 252 255 256 257 258 259 262 265 266 271 273 285 286 289 290 306 312 315 331 332 337 367 368 372 380 382 387 394 396 401 403 411 412 418 426 430 444 447 450 451 457 465 470 482 493 497 500 501 521 526 547 553 558 578 584 591 600 605 619 621 631 634 638 651 670 684 694 699 702 703 706 718 736 742 746 752 772 775 782 
#97 100
0 3 4 9 19 29 34 38 46 50 57 82 87 91 95 96 111 119 124 128 131 142 148 149 152 157 169 181 192 193 205 207 209 210 215 222 225 233 235 242 251 252 255 256 257 259 262 265 266 271 273 274 286 289 290 291 302 306 312 315 320 324 331 332 334 346 380 392 401 403 406 411 412 421 426 432 438 457 463 466 468 480 490 526 547 572 578 581 584 603 638 654 703 718 719 747 773 782 786 789 
#98 54
0 4 6 9 16 34 38 57 91 96 98 119 124 157 169 181 209 210 215 222 251 252 257 259 262 271 273 290 306 312 331 368 380 387 394 401 403 412 426 444 447 457 493 500 526 547 578 584 638 694 703 718 742 782 
#99 18
0 6 16 20 29 98 157 169 209 210 262 263 290 412 457 547 655 694 
#100 54
0 4 9 19 29 34 38 46 91 95 96 98 105 119 124 128 142 148 181 205 207 210 222 235 252 256 258 259 265 271 273 274 286 290 302 306 315 332 334 346 350 372 421 426 438 468 572 584 638 678 718 773 782 789 
#101 19
0 19 23 79 115 128 217 235 299 334 346 372 432 438 453 468 717 773 791 
#102 45
0 16 23 69 72 86 97 128 149 151 179 181 196 273 274 286 290 302 324 327 356 371 376 380 383 389 421 428 438 453 463 468 473 488 510 583 584 623 671 688 718 743 745 749 755 
#103 20
0 17 168 216 219 231 295 329 345 378 413 431 446 476 478 508 592 644 676 691 
#104 10
0 231 295 329 345 413 431 476 478 676 
#105 6
0 116 402 422 477 498 
