136
#1 54
0 7 9 15 19 23 33 36 39 42 56 60 61 87 97 120 141 143 157 176 191 205 214 217 232 238 240 242 269 276 289 314 331 340 379 382 387 426 437 457 520 556 564 565 584 631 636 648 675 692 714 721 723 734 
#2 31
0 2 7 15 23 39 45 46 60 68 86 94 99 110 112 150 186 281 374 456 540 631 678 714 734 739 741 742 752 753 754 
#3 49
0 7 15 23 39 46 60 61 68 79 83 86 87 89 92 97 106 110 112 115 150 186 205 246 248 260 281 285 292 374 387 427 436 456 457 470 540 552 587 631 678 714 727 733 734 739 741 753 754 
#4 129
0 7 8 9 14 15 19 23 28 29 33 35 36 39 42 56 60 61 64 68 79 83 87 88 89 92 94 95 97 98 99 106 110 113 116 120 136 141 142 143 150 157 160 161 170 176 186 191 200 206 214 217 224 227 232 237 238 240 242 248 258 260 269 272 276 278 280 281 283 286 289 292 314 315 331 340 354 363 369 372 373 374 379 382 387 392 405 423 426 428 434 436 437 441 456 457 469 476 520 556 564 565 568 584 601 626 631 636 648 660 664 675 676 678 685 690 692 703 714 721 723 727 730 733 734 748 752 753 754 
#5 130
0 7 14 33 39 46 47 60 61 64 68 79 83 86 88 89 92 94 95 97 99 106 110 112 114 115 120 126 127 131 136 139 157 160 176 186 191 200 205 206 216 217 222 223 224 233 238 242 246 260 269 276 278 285 286 305 313 314 315 322 331 336 340 349 358 369 373 374 375 379 382 392 409 417 426 427 436 447 456 457 464 470 476 477 486 490 509 520 529 540 544 551 556 564 584 587 595 601 603 604 605 609 626 631 636 637 648 660 675 676 681 685 687 690 691 692 702 714 720 721 723 733 734 736 739 741 742 743 752 755 
#6 54
0 2 7 15 19 23 39 45 46 60 61 68 79 83 86 87 89 94 99 106 110 112 115 150 186 205 248 260 281 292 315 374 387 436 456 457 470 540 587 631 676 678 714 721 727 730 733 734 739 742 752 753 754 755 
#7 364
0 2 5 6 7 8 9 13 14 15 16 19 20 23 26 27 29 31 33 34 36 39 41 42 43 45 47 50 52 56 59 60 61 64 67 71 72 73 75 77 79 81 82 83 85 86 87 89 90 92 93 94 95 97 99 106 108 109 110 112 113 114 115 116 118 120 121 125 126 127 128 131 132 134 135 136 141 142 143 144 146 148 150 151 153 157 158 160 161 162 167 170 172 175 176 177 179 182 184 187 191 192 197 198 200 201 204 205 206 207 212 213 214 216 217 220 222 223 224 225 226 227 228 229 231 232 233 237 238 239 240 242 246 248 250 252 254 260 261 263 265 269 272 273 276 277 278 279 280 281 283 285 286 289 291 292 293 296 300 302 305 306 308 310 313 314 315 319 322 323 327 329 330 331 334 336 337 340 343 344 347 349 351 356 357 358 361 365 366 368 369 372 373 374 375 379 380 382 383 385 387 390 392 396 399 405 409 413 414 417 418 419 420 421 422 423 424 426 428 430 437 438 441 443 444 446 447 455 456 457 461 462 464 466 470 473 476 477 478 484 486 487 490 499 500 501 502 506 509 511 512 515 520 521 522 523 526 529 531 538 539 540 544 551 552 554 555 556 557 558 560 561 562 564 565 566 571 575 578 582 584 585 588 589 591 594 595 599 600 601 603 604 605 609 612 614 619 626 630 631 635 636 637 639 640 644 648 652 653 654 657 660 666 668 671 672 675 676 679 681 682 683 685 686 687 690 691 692 694 695 696 698 700 701 702 703 705 709 710 711 713 714 717 718 719 721 723 724 725 727 732 733 734 736 737 739 740 741 742 743 749 752 753 755 
#8 367
0 2 5 6 7 8 9 13 14 15 16 19 20 26 27 29 31 33 34 36 39 41 42 43 45 47 50 52 56 59 60 61 64 67 68 71 72 73 75 77 79 81 82 83 85 86 87 88 89 90 92 93 94 95 97 99 106 108 109 110 112 113 114 115 116 118 120 121 125 126 127 128 131 132 134 135 136 141 142 143 144 146 148 150 151 153 157 158 160 161 162 167 170 172 175 176 177 179 182 184 186 187 191 192 197 198 200 201 204 205 206 207 212 213 214 216 217 220 222 223 224 225 226 227 228 229 231 232 233 237 238 239 240 242 246 248 250 252 254 260 261 263 265 269 272 273 276 277 278 279 280 281 283 285 286 289 291 293 296 300 302 305 306 308 310 313 314 315 319 322 323 327 329 330 331 334 336 337 340 343 344 347 349 351 356 357 358 361 365 366 368 369 372 373 374 375 379 380 382 383 385 390 392 396 399 405 409 413 414 417 418 419 420 421 422 423 424 426 427 428 430 437 438 441 443 444 446 447 455 456 457 461 462 464 466 470 473 476 477 478 484 486 487 490 499 500 501 502 506 509 511 512 515 520 521 522 523 526 529 531 538 539 540 544 551 552 554 555 556 557 558 560 561 562 564 565 566 571 575 578 582 584 585 587 588 589 591 594 595 599 600 601 603 604 605 609 612 614 619 626 630 631 635 636 637 639 640 644 648 652 653 654 657 660 666 668 671 672 675 676 678 679 681 682 683 685 686 687 690 691 692 694 695 696 698 700 701 702 703 705 709 710 711 713 714 717 718 719 720 721 723 724 725 732 733 734 736 737 739 740 741 742 743 749 752 754 755 
#9 10
0 38 45 68 92 150 248 720 742 754 
#10 50
0 7 15 23 39 45 46 60 61 68 83 86 87 89 92 97 106 110 112 115 150 186 205 246 248 260 281 285 292 315 387 427 436 456 457 470 540 552 631 676 678 714 721 733 734 739 742 752 753 755 
#11 18
0 11 52 119 126 136 221 222 238 265 274 288 336 379 517 527 611 691 
#12 107
0 11 14 33 43 47 75 95 98 119 120 126 127 131 136 140 142 146 157 160 161 170 176 189 191 200 202 206 216 222 223 227 233 238 242 263 265 269 276 278 285 288 289 301 305 307 313 314 325 331 337 344 353 354 357 358 369 372 375 379 403 409 417 418 420 426 433 434 464 467 477 488 490 511 524 529 532 538 543 544 551 556 564 568 584 591 601 602 603 604 605 621 640 641 651 682 687 691 692 702 708 710 711 715 726 743 748 
#13 20
0 36 116 200 214 237 276 313 314 385 520 595 609 612 636 675 723 736 737 743 
#14 252
0 4 5 6 11 13 17 26 28 29 31 34 36 41 50 51 54 58 59 67 71 72 73 74 81 85 90 93 108 116 118 120 121 125 128 132 134 135 143 144 145 147 148 149 152 153 158 162 163 166 167 172 173 175 176 177 179 182 184 187 191 192 193 197 198 200 201 204 207 210 212 213 214 217 220 225 228 229 231 238 239 243 252 254 258 261 268 272 273 277 278 279 288 290 291 296 300 302 306 308 310 313 314 319 323 327 330 332 334 340 343 347 348 351 356 361 363 365 366 368 373 380 385 389 390 396 397 398 399 401 413 414 416 418 419 421 424 426 429 430 434 437 438 442 443 444 446 450 455 460 461 462 466 468 469 473 478 483 484 487 491 496 499 500 501 502 506 510 511 515 520 521 522 523 526 539 553 555 557 560 561 562 564 570 571 575 577 578 585 588 592 593 595 597 599 600 605 609 611 612 613 614 619 625 632 635 636 639 642 643 644 646 647 649 652 653 654 656 657 666 667 668 669 671 672 675 679 683 684 686 692 694 695 696 698 700 701 705 707 709 713 717 718 719 724 725 732 737 740 743 749 750 
#15 19
0 3 10 96 215 235 245 249 287 322 328 431 452 474 504 516 548 549 680 
#16 34
0 11 32 33 52 119 120 126 136 222 230 263 265 299 301 331 332 337 344 362 379 408 415 418 454 508 511 517 568 591 618 704 731 736 
#17 198
0 3 5 8 10 17 26 29 34 41 43 50 51 54 59 71 72 73 74 77 81 85 93 95 96 108 114 118 122 125 128 134 135 136 145 148 158 161 162 163 167 170 173 175 177 179 184 187 192 197 198 201 204 207 210 213 215 220 226 228 229 231 235 239 240 242 243 245 249 253 254 261 272 273 287 289 291 294 296 302 303 308 310 319 322 323 328 330 334 343 348 349 351 356 361 368 369 373 378 380 382 383 390 392 399 416 417 419 421 424 428 429 430 431 434 435 437 438 442 444 446 452 461 466 468 482 484 487 490 496 500 501 502 504 506 512 513 516 517 520 521 526 530 539 548 553 557 560 561 562 575 577 578 582 585 593 599 600 603 604 613 614 619 626 635 636 642 643 644 645 646 648 652 653 654 656 657 665 666 668 671 679 680 687 690 694 695 696 698 700 705 709 713 718 719 724 725 740 
#18 158
0 4 8 11 14 20 28 32 33 35 36 42 43 47 52 58 75 95 98 114 116 119 120 126 127 136 141 142 143 146 157 160 161 170 176 190 191 200 206 214 216 222 223 224 227 230 232 233 237 238 240 242 258 263 265 269 272 276 278 280 283 285 286 289 293 299 301 305 313 314 329 331 332 336 337 340 344 354 357 358 362 363 369 373 375 379 382 384 392 405 408 409 415 417 418 420 422 423 426 428 433 437 441 447 454 460 464 469 476 477 490 491 508 509 511 517 520 527 529 538 544 551 554 556 558 564 568 584 589 591 601 602 603 604 605 618 626 630 636 640 648 660 675 681 682 687 691 692 702 704 710 711 723 731 736 737 743 748 
#19 96
0 8 11 14 20 28 32 33 35 36 52 90 95 98 119 120 126 127 136 141 142 143 160 161 170 176 191 200 206 214 222 223 224 227 234 237 238 240 242 258 265 276 278 286 289 299 301 313 314 331 337 360 362 369 372 373 379 392 408 409 415 422 423 437 441 454 464 476 490 491 508 511 517 520 529 544 556 564 568 584 601 603 604 618 626 636 640 650 660 675 685 692 723 736 737 748 
#20 367
0 5 6 8 11 13 14 17 20 26 28 29 31 32 33 34 35 36 41 42 43 47 50 52 54 58 59 67 71 72 73 81 82 85 90 93 95 98 108 114 116 118 119 120 121 124 125 126 127 128 131 132 134 135 136 141 142 143 144 147 148 151 152 153 157 158 160 161 162 163 166 167 170 172 173 174 175 176 177 179 182 184 187 190 191 192 193 200 201 206 207 210 211 212 213 214 216 217 220 222 223 224 225 226 227 228 229 231 234 237 238 239 240 242 243 244 250 254 258 261 263 265 268 269 272 273 275 276 277 278 279 280 283 285 286 289 290 291 296 298 299 300 301 302 304 306 308 310 313 314 316 319 322 323 325 327 329 330 331 334 336 337 340 343 344 347 349 351 354 356 357 358 360 361 362 363 365 366 368 369 370 372 373 375 379 381 382 383 384 386 389 390 392 394 398 399 400 403 405 408 409 412 413 414 415 416 417 418 419 421 422 423 424 426 428 429 430 434 435 437 438 441 444 446 447 454 455 458 459 460 461 462 464 466 468 469 471 473 476 478 479 486 487 488 490 491 496 498 499 500 501 502 506 508 509 510 511 512 515 517 519 520 521 522 523 526 529 539 544 551 553 554 555 556 557 560 561 562 564 565 566 568 575 577 578 582 584 585 591 592 593 599 600 601 602 603 604 611 614 618 619 623 626 630 632 635 636 639 640 643 644 647 648 649 650 652 653 654 656 659 660 666 667 668 671 672 675 679 682 683 684 685 686 687 690 691 692 694 695 696 697 698 700 701 702 703 704 705 706 709 711 713 717 718 719 723 724 725 731 732 735 736 737 740 743 748 750 
#21 201
0 5 6 13 17 26 29 31 34 41 50 51 54 59 67 71 72 73 74 81 85 93 95 108 109 118 121 125 128 132 134 135 144 145 147 148 152 153 158 162 163 166 167 172 173 175 177 179 182 184 187 192 193 197 198 201 204 207 210 211 212 213 220 228 229 231 239 243 253 254 261 268 273 277 279 290 291 296 297 300 302 306 308 310 319 323 327 330 334 343 347 351 356 361 365 366 368 380 389 390 396 397 398 399 413 414 416 419 421 424 429 430 437 438 442 444 446 450 455 461 462 466 468 473 478 487 496 500 501 502 506 510 515 518 521 522 523 526 539 553 555 557 560 561 562 570 571 575 577 578 585 588 592 593 597 599 600 613 614 619 625 632 635 636 642 643 644 645 646 649 652 653 654 656 657 666 668 671 672 679 683 684 686 694 695 696 698 700 701 705 709 713 717 718 719 724 725 732 740 749 750 
#22 19
0 3 10 37 196 203 215 235 241 245 262 270 326 341 367 431 504 548 680 
#23 19
0 3 10 21 196 209 215 218 245 249 270 407 497 504 516 548 663 670 680 
#24 370
0 5 6 8 13 14 17 20 26 28 29 31 33 34 35 36 41 42 43 47 50 51 54 58 59 67 69 71 72 73 74 81 85 90 93 98 105 108 114 116 117 118 120 121 122 125 126 127 128 130 131 132 133 134 135 136 141 142 143 144 145 146 147 148 149 152 153 158 160 161 162 163 166 167 170 172 173 175 176 177 179 182 184 187 191 192 193 197 198 200 201 204 206 207 210 211 212 213 214 216 220 221 222 223 224 225 227 228 229 231 232 233 237 238 239 240 242 243 250 254 258 261 263 265 268 269 272 273 276 277 278 279 280 283 285 286 288 289 290 291 293 296 300 302 303 305 306 308 310 313 314 319 322 323 327 329 330 331 332 333 334 337 339 343 344 347 348 349 351 356 357 358 361 365 366 368 369 370 372 373 375 377 378 379 380 383 384 388 389 390 392 395 396 397 398 399 403 409 411 413 414 416 418 419 420 421 422 423 424 426 428 429 430 432 433 434 437 438 441 442 443 444 446 447 450 455 458 460 461 462 464 466 468 471 473 476 477 478 483 484 486 487 490 496 499 500 501 502 506 509 510 511 512 515 520 521 522 523 526 527 529 538 539 544 549 551 553 554 555 556 557 560 561 562 564 565 569 570 571 575 577 578 584 585 588 591 592 593 594 595 597 599 600 601 602 603 604 609 612 613 614 617 619 625 626 630 632 635 636 639 640 642 643 644 645 646 647 648 649 652 653 654 656 657 660 665 666 667 668 669 671 672 675 679 681 682 683 684 685 686 690 691 692 694 695 696 698 699 701 705 707 709 710 711 713 717 718 719 723 724 725 728 732 736 737 740 743 748 749 750 
#25 384
0 5 6 8 13 14 17 20 26 27 28 29 31 33 34 35 36 40 41 42 43 47 50 52 54 58 59 67 69 71 72 73 75 81 82 85 90 91 93 95 96 98 105 108 114 116 118 119 120 121 122 125 126 127 128 130 131 132 134 135 136 141 142 143 144 146 147 148 151 152 153 157 158 160 161 162 163 164 166 167 170 172 173 174 175 176 177 179 182 184 187 190 191 192 193 199 200 201 206 207 210 211 212 213 214 216 217 220 221 222 223 224 225 226 227 228 229 231 232 234 237 238 239 240 242 243 250 254 258 261 263 268 269 272 273 275 276 277 278 279 280 283 285 286 289 290 291 293 295 296 298 299 300 301 302 305 306 308 310 311 313 314 319 322 323 325 327 329 330 331 333 334 336 337 340 343 344 347 349 351 354 356 357 358 361 363 364 365 366 368 369 370 372 373 375 379 382 383 384 386 389 390 392 398 399 403 405 409 411 413 414 415 416 417 418 419 421 422 423 424 426 428 429 430 432 433 434 435 437 438 441 444 446 447 455 458 459 460 461 462 464 466 468 469 471 473 476 477 478 479 482 486 487 488 490 491 496 499 500 501 502 506 509 510 511 512 515 519 520 521 522 523 526 527 529 531 538 539 544 548 549 551 553 555 556 557 558 560 561 562 564 565 566 568 572 575 577 578 582 584 585 591 592 593 594 599 600 601 602 603 604 609 611 614 615 619 623 626 630 632 635 636 639 640 643 644 647 648 649 652 653 654 656 659 660 664 665 666 667 668 671 672 675 679 682 683 684 685 686 687 690 692 693 694 695 696 697 698 700 701 702 703 705 706 708 709 711 713 717 718 719 723 724 725 728 729 732 736 737 740 743 746 748 750 
#26 59
0 29 33 95 116 120 131 136 143 170 176 191 200 214 223 224 227 238 242 258 269 276 280 283 286 289 313 337 340 358 372 373 379 382 392 418 422 423 426 441 447 476 490 512 520 602 603 609 626 636 648 660 690 691 692 723 736 737 743 
#27 286
0 5 6 11 13 17 26 27 29 30 31 34 35 47 50 51 54 58 59 67 69 71 72 73 74 77 81 90 91 93 108 118 121 125 128 132 133 134 135 136 137 142 143 144 145 147 148 149 151 152 153 158 161 162 163 164 166 167 170 172 173 174 175 177 179 182 184 185 187 190 192 193 197 198 199 200 201 204 207 210 211 212 213 214 220 221 228 229 231 239 243 250 253 254 261 263 268 273 277 278 279 289 291 296 302 303 306 308 310 311 312 313 316 319 323 325 330 333 334 343 347 348 351 354 356 357 361 364 365 366 368 370 372 377 380 382 384 386 389 390 393 396 397 398 399 401 413 414 416 417 418 419 421 423 424 426 429 430 434 437 438 442 444 446 450 455 459 461 462 466 468 471 473 476 478 479 482 484 485 486 487 488 490 496 499 500 501 502 506 507 515 517 519 521 522 523 526 527 531 536 539 542 544 547 551 553 555 557 560 561 562 569 571 572 575 577 578 585 588 591 592 593 594 597 599 600 602 604 605 611 613 614 619 625 629 630 632 635 636 639 640 642 643 644 645 646 647 649 652 653 654 657 666 667 668 671 672 674 679 683 684 686 687 692 694 695 696 697 698 700 701 704 705 709 711 713 717 718 719 724 725 732 740 746 749 750 
#28 9
0 105 122 130 403 411 432 549 728 
#29 73
0 31 34 50 59 71 72 74 125 128 132 134 148 153 158 166 167 173 177 182 192 193 197 207 211 220 231 239 277 296 308 319 323 330 334 343 356 366 380 397 421 429 437 461 466 468 487 496 502 506 557 561 562 593 619 636 644 653 668 671 694 695 696 698 700 701 705 709 713 718 719 732 750 
#30 72
0 31 34 50 59 71 72 74 125 128 132 134 148 153 158 166 167 173 177 182 192 193 197 207 220 231 239 277 296 308 319 323 330 334 343 356 366 380 397 421 429 437 461 466 468 487 496 502 506 557 561 562 593 619 636 644 653 668 671 694 695 696 698 700 701 705 709 713 718 719 732 750 
#31 114
0 5 6 26 31 34 50 59 67 71 72 73 81 93 108 118 121 125 132 134 148 153 158 162 167 172 177 179 182 184 192 197 207 212 213 220 228 229 231 239 261 273 277 279 291 296 302 308 310 319 323 330 334 343 347 356 361 365 366 368 380 399 413 414 421 430 437 438 444 446 455 461 462 466 473 478 487 500 501 502 506 521 523 526 557 562 575 585 600 619 635 636 652 653 654 657 666 671 679 683 686 694 695 696 698 701 705 709 713 718 719 724 732 749 
#32 245
0 5 8 13 17 26 29 31 34 41 47 50 51 54 59 67 71 72 73 74 81 85 93 108 116 118 121 125 127 128 132 134 135 136 143 145 147 148 149 152 153 157 158 160 162 163 166 167 170 172 173 175 176 177 179 182 184 187 192 193 197 198 200 201 204 207 210 211 212 213 220 224 227 228 229 231 237 238 239 242 243 254 261 268 272 273 276 277 279 290 291 296 300 302 306 308 310 319 323 327 330 334 343 347 351 356 361 365 366 368 369 372 373 377 380 382 383 389 390 392 396 397 398 399 409 413 414 416 419 421 422 423 424 426 428 429 430 437 438 441 442 443 444 446 447 450 455 461 462 464 466 468 473 476 478 483 484 487 490 496 499 500 501 502 506 510 512 515 520 521 523 526 539 553 554 555 557 560 561 562 570 571 575 577 578 582 585 588 592 593 597 599 600 603 613 614 619 625 626 632 635 636 639 642 643 644 645 646 647 648 649 652 653 654 656 657 660 666 667 668 671 672 679 683 685 686 690 694 695 696 698 700 701 705 709 713 717 718 719 723 724 725 732 749 750 
#33 104
0 5 31 34 50 67 71 73 74 81 93 118 125 134 148 153 163 172 179 184 192 193 198 201 204 207 210 211 212 213 220 228 229 243 277 290 291 296 306 308 310 323 330 334 343 347 356 361 365 368 389 399 413 416 429 430 442 444 446 450 455 461 466 468 478 487 496 500 501 502 506 515 521 526 539 553 570 578 588 593 597 600 613 614 619 639 642 644 646 652 653 654 657 668 671 683 686 695 698 701 713 718 719 732 
#34 137
0 5 6 17 26 31 34 50 54 59 67 71 72 73 74 81 93 108 118 121 125 132 134 148 152 153 158 162 163 167 177 179 182 184 192 193 197 207 210 211 212 213 220 228 229 231 239 243 261 273 277 279 290 291 296 308 310 319 323 330 334 343 347 356 361 365 368 380 389 397 398 399 413 414 416 421 429 430 437 438 442 444 446 450 455 461 462 466 468 473 478 487 496 500 501 502 506 515 521 523 539 553 557 575 585 593 597 600 613 619 632 635 642 646 652 653 654 657 666 671 679 683 686 694 695 696 698 701 705 709 713 718 719 724 732 749 750 
#35 112
0 26 29 31 34 50 59 71 72 73 74 81 93 118 125 128 132 134 148 152 153 158 162 167 173 177 182 192 193 197 207 210 211 212 213 220 228 231 239 243 273 277 296 308 310 319 323 327 330 334 343 356 365 366 380 396 397 398 414 416 421 424 429 430 437 444 446 461 466 468 473 487 496 501 502 506 521 523 539 557 561 562 575 582 593 600 614 619 632 635 636 644 653 657 671 679 686 694 695 696 698 700 701 705 709 713 717 718 719 732 740 750 
#36 119
0 6 17 26 31 34 50 59 71 72 73 81 93 118 132 134 148 152 153 162 163 167 177 179 182 184 192 193 197 201 207 210 211 212 220 228 229 231 239 243 261 273 277 279 290 291 296 308 310 319 323 330 334 343 356 361 365 380 389 397 398 399 413 414 416 421 429 430 437 438 442 444 446 450 455 461 462 466 468 473 478 487 500 501 502 521 523 526 539 553 557 562 575 585 593 597 600 613 619 635 636 642 646 653 654 657 666 671 679 686 694 695 696 698 701 718 719 724 750 
#37 126
0 5 6 17 26 31 34 50 54 59 67 71 72 73 81 108 118 121 125 132 134 148 152 153 158 162 163 167 172 177 179 192 193 197 201 207 210 212 213 220 229 231 239 243 261 273 277 279 290 291 296 302 308 310 319 323 330 334 343 347 356 361 365 366 368 380 389 397 398 399 413 414 416 421 429 430 437 438 442 444 446 455 461 468 473 487 496 501 502 506 515 521 523 539 553 557 575 585 593 600 613 635 636 642 643 646 653 654 657 666 671 679 683 686 694 695 696 698 701 705 709 713 718 719 724 732 
#38 171
0 5 6 13 17 26 29 30 31 34 50 51 54 59 67 71 72 73 81 93 107 108 118 121 125 132 134 135 145 148 152 153 158 162 163 166 167 173 175 177 179 182 184 187 192 193 197 198 201 207 210 211 212 213 220 228 229 231 239 243 254 261 273 277 279 291 296 300 306 308 310 319 323 327 330 334 343 347 351 356 361 365 368 380 389 396 397 398 399 414 416 419 421 424 429 430 437 438 442 444 446 450 455 461 462 466 468 473 479 487 500 501 502 506 515 521 523 536 539 553 557 561 570 571 575 577 578 585 592 593 597 600 613 614 619 635 636 642 643 644 646 647 649 652 653 657 666 669 671 672 677 679 683 686 694 695 696 698 700 701 705 709 717 718 719 724 725 732 740 749 750 
#39 163
0 5 6 13 17 26 31 34 50 59 67 71 72 73 74 81 85 93 108 118 121 125 132 134 135 148 153 158 162 163 167 172 173 177 179 182 184 187 192 193 197 198 201 204 207 210 211 212 213 220 228 229 231 243 254 261 273 277 279 290 291 296 302 306 308 310 323 330 334 343 347 351 356 361 365 366 368 380 389 398 399 413 414 416 419 421 429 430 437 438 442 444 446 450 455 461 466 468 473 478 487 496 500 501 502 506 515 521 523 526 539 553 557 560 562 570 575 577 578 585 588 593 597 599 600 613 614 619 625 632 635 636 639 642 644 645 646 652 653 654 657 666 668 671 672 679 683 686 694 695 696 698 701 705 709 713 717 718 719 724 732 749 750 
#40 308
0 5 6 8 13 14 17 20 26 29 31 33 34 35 36 41 43 50 54 59 67 71 72 73 74 81 85 90 93 95 98 108 114 118 120 121 125 126 127 128 132 134 135 136 143 144 145 147 148 149 152 153 157 158 160 161 162 163 166 167 170 172 173 175 176 177 179 182 184 187 191 192 193 197 198 200 201 204 207 210 211 212 213 216 220 222 224 225 227 228 229 231 233 238 239 240 242 243 253 254 258 261 263 265 268 269 272 273 276 277 278 279 285 286 290 291 293 296 300 302 303 306 308 310 313 314 319 323 327 330 331 334 337 340 343 344 347 351 356 357 358 361 363 365 366 368 369 372 373 377 379 380 382 384 389 390 392 396 397 398 399 409 413 414 416 417 419 421 424 426 428 429 430 437 438 441 442 443 444 446 447 450 455 461 462 464 466 468 469 473 476 478 483 484 486 487 490 496 499 500 501 502 506 510 511 515 520 521 522 523 526 529 539 544 551 553 554 555 556 557 560 561 562 564 568 570 571 575 577 578 582 584 585 588 593 597 599 600 601 602 603 604 605 613 614 619 625 626 629 632 635 636 639 642 643 644 645 646 647 648 649 652 653 654 656 657 660 666 667 668 671 672 675 679 681 682 683 684 685 686 687 690 691 692 694 695 696 698 700 701 702 705 709 710 711 713 717 718 719 724 725 732 736 740 743 748 749 750 
#41 114
0 5 6 26 31 34 54 59 67 72 73 81 85 93 118 121 125 132 134 148 152 153 162 163 167 175 177 179 182 184 192 197 201 207 211 212 213 220 228 229 239 243 261 273 277 279 290 291 296 308 319 323 330 334 343 347 356 361 365 366 380 389 398 399 413 414 416 421 429 430 437 438 442 444 446 455 461 466 473 496 501 502 506 515 521 523 557 585 593 597 600 619 635 636 639 642 643 646 653 654 657 683 686 695 696 698 701 709 713 718 719 724 749 750 
#42 91
0 17 26 31 34 54 59 71 73 81 108 118 134 148 153 158 162 167 177 179 182 192 193 197 207 210 212 213 220 228 231 239 243 273 277 296 308 310 319 323 330 334 343 356 365 368 380 396 398 399 414 416 429 430 438 442 444 446 461 473 487 501 502 506 521 523 553 575 593 597 600 613 619 635 642 643 652 653 654 657 666 671 679 686 695 696 698 718 724 732 750 
#43 151
0 5 6 13 17 26 31 34 41 50 54 59 67 72 73 74 81 93 108 118 121 125 128 132 134 148 152 153 162 163 166 167 172 175 177 179 182 184 193 197 198 201 204 207 210 211 212 213 220 228 229 231 239 243 254 261 277 279 290 291 296 302 306 308 310 319 323 330 334 347 351 356 361 365 366 368 380 389 397 399 413 414 416 419 421 429 430 437 442 444 446 450 455 461 462 468 473 478 496 500 501 502 506 510 515 521 526 539 553 557 561 577 578 585 593 597 600 613 614 619 632 635 636 639 643 644 646 652 653 657 666 668 671 679 683 686 694 695 696 698 701 705 709 713 718 719 724 732 740 749 750 
#44 107
0 5 17 26 31 50 59 67 73 74 81 93 108 118 121 134 148 153 158 162 167 172 177 179 182 192 193 197 210 211 212 213 220 229 231 239 243 261 273 277 279 296 308 310 319 323 330 334 343 347 356 361 368 380 397 398 399 414 416 421 429 430 437 438 442 461 462 466 468 473 478 487 500 502 506 526 553 557 562 585 597 600 613 614 619 635 642 643 646 649 652 654 666 671 679 686 695 696 698 701 705 709 713 718 719 724 750 
#45 85
0 5 6 26 59 73 74 81 85 108 121 125 134 145 148 153 163 167 175 179 184 192 207 213 229 231 239 273 277 290 296 302 306 308 310 319 323 347 356 361 365 368 380 389 399 413 416 421 429 442 446 450 455 461 468 487 496 500 502 506 521 557 561 575 578 597 600 613 619 632 646 657 666 671 686 694 701 709 713 718 719 724 732 749 750 
#46 86
0 6 17 26 31 50 59 71 72 73 81 108 118 121 125 128 134 148 153 162 167 177 197 198 204 210 212 228 229 231 254 261 291 296 310 319 323 330 334 356 361 365 366 368 380 399 414 419 421 429 430 444 455 461 466 487 502 506 521 526 539 553 557 561 585 588 593 600 635 636 644 652 653 671 679 683 686 695 696 698 701 705 713 718 719 732 
#47 181
0 5 6 17 26 29 31 34 41 50 54 59 67 71 72 73 74 81 85 93 108 118 121 125 128 132 134 135 145 148 152 153 158 162 163 166 167 172 173 175 177 179 182 184 192 193 197 201 204 207 210 211 212 213 220 228 229 231 239 243 254 261 268 273 277 279 290 291 296 302 306 308 310 319 323 330 334 343 347 351 356 361 365 366 368 377 380 389 396 397 398 399 413 414 416 419 421 424 429 430 437 438 442 444 446 450 455 461 462 466 468 473 478 487 496 500 501 502 506 510 515 521 523 526 539 553 557 560 561 562 570 575 585 588 592 593 597 599 600 613 614 619 625 632 635 636 639 642 643 644 645 646 649 652 653 654 657 666 668 671 672 679 683 684 686 694 695 696 698 701 705 709 713 717 718 719 724 732 740 749 750 
#48 17
0 30 95 107 125 147 156 181 324 393 424 479 485 542 571 619 677 
#49 172
0 5 6 13 17 26 31 34 41 50 54 59 67 71 72 73 74 81 85 93 108 118 121 125 128 132 134 135 148 152 153 158 162 163 166 167 172 175 177 179 182 184 192 193 197 198 201 204 207 210 211 212 213 220 228 229 231 239 243 254 261 273 277 279 290 291 296 302 306 308 310 319 323 327 330 334 343 347 351 356 361 365 366 368 380 389 397 399 413 414 416 419 421 424 429 430 437 438 442 444 446 450 455 461 462 466 468 473 478 487 496 500 501 502 506 510 515 521 523 526 539 553 557 560 561 562 575 577 578 585 588 593 597 600 613 614 619 632 635 636 639 642 643 644 646 652 653 654 657 666 668 671 672 679 683 686 694 695 696 698 701 705 709 713 717 718 719 724 732 740 749 750 
#50 118
0 5 26 31 34 54 59 67 71 72 73 74 81 85 93 118 125 128 132 134 148 153 158 162 163 166 167 172 175 177 179 182 201 204 210 211 212 220 229 231 239 277 279 290 291 296 306 308 310 319 323 334 347 351 356 361 368 389 397 399 413 414 416 424 429 430 437 442 444 446 455 461 462 468 478 496 502 506 510 515 521 526 539 553 557 561 562 597 600 613 614 619 632 635 636 639 643 644 646 649 652 657 668 679 683 686 694 695 696 698 701 705 709 713 719 724 740 750 
#51 216
0 5 6 13 17 26 29 31 34 41 50 51 54 59 67 71 72 73 74 77 81 85 93 108 118 121 125 128 132 133 134 135 144 145 147 148 149 152 153 158 162 163 166 167 172 173 175 177 179 182 184 187 192 193 197 198 201 204 207 210 211 212 213 220 228 229 231 236 239 243 253 254 261 268 273 277 278 279 290 291 296 300 302 303 306 308 310 319 323 327 330 334 343 347 351 356 361 365 366 368 377 378 380 389 390 396 397 398 399 413 414 416 419 421 424 429 430 437 438 440 442 443 444 446 450 455 461 462 466 468 473 478 483 484 487 496 499 500 501 502 506 510 515 519 521 522 523 526 539 553 555 557 560 561 562 569 570 571 575 577 578 582 585 592 593 597 599 600 613 614 619 625 629 632 635 636 639 642 643 644 645 646 647 649 652 653 654 656 657 666 667 668 671 672 679 683 684 686 694 695 696 698 700 701 705 709 713 717 718 719 724 725 732 740 749 750 
#52 57
0 6 13 17 26 50 54 59 72 74 81 118 121 125 132 158 167 177 192 210 231 239 253 254 261 273 279 296 319 323 330 343 347 356 366 413 419 430 461 468 502 526 557 575 577 593 619 629 635 639 646 667 668 684 705 713 724 
#53 73
0 5 34 54 59 71 72 73 74 81 85 108 118 158 162 163 167 173 179 184 198 201 210 212 220 228 229 231 239 254 261 291 308 319 323 334 356 366 368 389 399 414 416 421 437 444 461 466 487 496 502 523 526 539 553 557 592 593 599 613 614 619 642 643 646 652 653 654 668 671 701 705 750 
#54 45
0 34 81 85 128 184 192 212 213 220 228 229 231 261 273 277 310 323 343 356 366 401 414 416 424 430 444 487 496 501 502 521 523 539 553 578 582 593 600 614 619 632 653 719 740 
#55 134
0 5 6 17 26 31 34 50 54 59 67 71 72 73 74 81 93 118 121 125 132 134 148 158 162 163 167 172 177 179 182 192 193 197 201 207 210 211 212 213 220 228 229 231 239 243 261 273 277 279 290 291 296 302 308 310 319 323 330 334 343 347 356 361 365 366 368 380 389 397 398 399 413 416 421 429 430 437 442 444 446 450 455 461 462 466 468 473 478 487 496 501 502 506 515 521 523 526 539 553 557 575 585 593 597 600 613 619 635 636 642 643 646 653 654 657 671 679 683 686 694 695 696 698 701 705 709 713 718 719 724 732 749 750 
#56 156
0 5 13 17 26 31 34 50 54 59 67 71 72 73 81 85 93 108 118 121 125 128 132 134 135 148 152 153 162 163 166 167 172 175 177 179 182 192 193 197 198 201 204 207 210 211 212 213 220 228 229 231 239 243 261 273 277 279 290 291 296 302 308 310 319 323 327 330 334 343 347 356 361 365 366 368 380 396 398 399 413 414 416 419 421 424 429 430 437 438 442 444 446 450 455 461 462 466 468 473 487 496 500 501 502 506 510 515 521 523 526 539 553 557 560 561 575 577 578 585 593 597 600 613 614 619 635 636 642 644 646 649 652 653 654 657 666 671 679 683 686 695 696 698 701 705 709 713 717 718 719 724 732 740 749 750 
#57 125
0 5 6 26 31 34 50 54 59 67 71 72 73 74 81 93 118 121 125 132 134 148 152 153 158 162 163 167 172 177 179 182 184 192 197 201 207 211 212 213 220 229 231 239 243 261 277 279 290 291 296 302 308 310 319 323 330 334 347 356 361 365 366 368 380 389 398 399 413 414 416 421 429 430 437 442 444 450 455 461 462 466 468 478 487 496 501 502 506 515 521 526 539 553 562 585 593 597 600 613 619 632 635 642 643 646 653 657 666 679 683 686 694 695 696 698 701 705 709 718 719 724 732 749 750 
#58 195
0 5 6 13 17 26 29 31 34 41 50 51 54 59 67 71 72 73 74 77 81 85 108 118 125 128 132 134 135 145 148 149 152 153 158 162 163 166 167 172 173 175 177 179 182 184 187 192 193 197 198 201 204 207 210 211 212 213 220 228 229 231 239 243 253 254 261 273 277 279 290 291 296 302 303 306 308 310 319 323 327 330 334 343 347 351 356 361 365 366 368 380 389 390 396 397 398 399 413 414 416 419 421 424 429 430 437 438 442 443 444 446 450 455 461 462 466 468 473 478 484 487 496 499 500 501 502 506 510 515 521 523 526 539 553 557 560 561 562 570 575 577 578 582 588 593 597 599 600 613 614 619 625 632 635 636 639 642 643 644 645 646 647 649 652 653 654 656 657 666 667 668 671 672 679 683 686 694 695 696 698 700 701 705 709 713 717 718 719 724 725 732 740 749 750 
#59 111
0 5 6 34 50 54 59 67 71 72 73 74 81 93 118 121 125 132 148 152 153 162 163 167 172 175 177 179 182 184 204 207 211 212 220 229 231 239 254 261 273 277 279 290 291 296 302 308 310 319 323 330 351 356 361 366 380 389 413 414 416 421 429 430 437 442 446 450 461 462 468 473 500 501 502 506 515 521 557 578 585 588 593 597 600 614 632 635 636 644 646 653 657 671 679 683 686 694 695 696 698 701 705 709 713 718 719 724 732 749 750 
#60 140
0 5 6 17 26 31 34 50 54 59 71 72 73 81 93 108 118 121 125 132 134 148 152 153 158 162 163 167 172 177 179 182 184 192 193 197 201 207 210 211 212 213 220 228 229 231 239 243 261 273 277 279 290 291 296 302 308 310 319 323 330 334 343 347 356 361 365 366 380 389 397 398 399 413 414 416 421 429 430 437 438 442 444 446 450 455 461 462 466 468 478 487 496 500 501 502 506 515 521 523 526 539 553 557 562 575 585 593 597 600 613 619 635 636 642 643 646 652 653 654 657 666 671 679 683 686 694 695 696 698 701 705 709 713 718 719 724 732 749 750 
#61 112
0 5 26 31 34 59 71 72 73 81 85 93 108 118 121 128 132 148 152 153 162 163 167 177 179 184 192 193 207 210 212 220 228 239 243 261 273 279 290 291 296 302 308 319 323 327 330 334 343 347 366 380 398 399 414 416 421 424 429 430 437 438 442 444 446 455 461 462 473 487 496 500 502 506 515 521 523 539 553 557 560 575 578 585 593 613 614 619 636 639 642 644 652 653 654 657 671 679 683 686 694 695 696 698 701 705 709 717 718 740 749 750 
#62 118
0 5 6 17 26 31 34 50 59 71 72 73 81 93 118 132 134 148 152 153 162 163 167 177 179 182 184 192 193 197 201 207 210 211 212 220 228 229 231 239 243 261 273 277 279 290 291 296 308 310 319 323 330 334 343 356 361 365 380 389 397 398 399 413 414 416 421 429 430 437 438 442 444 446 450 455 461 462 466 468 473 478 487 500 501 502 506 521 523 539 553 557 562 575 585 593 597 600 613 619 635 636 642 646 653 654 657 666 671 679 694 695 696 698 718 719 724 750 
#63 98
0 14 27 33 35 43 47 58 69 90 91 95 114 120 141 142 143 151 157 161 164 170 176 190 199 200 206 216 217 221 227 250 263 266 272 283 289 311 312 322 325 333 337 342 349 354 357 369 370 372 373 375 384 394 417 418 423 426 434 435 459 464 469 476 482 486 488 507 509 525 527 531 544 551 554 564 566 572 584 594 601 602 603 604 630 636 640 660 682 685 687 692 697 702 710 711 743 746 
#64 216
0 5 6 13 17 26 27 31 34 35 47 50 51 54 58 67 69 71 72 73 74 81 91 93 108 118 121 125 128 132 134 135 143 144 145 148 152 153 158 161 162 163 164 166 167 170 172 173 175 177 179 182 184 187 190 192 193 197 199 200 201 204 207 210 212 213 220 221 228 229 231 239 243 250 254 261 268 273 277 279 289 291 296 302 306 308 310 316 319 325 330 334 343 347 348 351 356 361 365 368 372 380 389 390 397 398 399 413 414 416 417 418 419 421 423 424 429 430 434 437 442 444 446 450 455 461 462 466 468 469 473 476 478 482 486 487 488 496 499 500 501 502 506 515 521 522 523 525 526 527 531 553 555 557 560 561 562 571 572 575 577 578 585 588 592 593 594 597 600 604 613 614 619 625 630 632 635 636 639 642 643 644 646 647 649 652 653 654 657 666 668 671 672 679 683 684 686 694 695 696 697 698 701 705 709 713 717 718 719 724 725 732 740 746 749 750 
#65 66
0 8 14 27 33 35 43 47 69 91 95 114 120 142 143 151 157 161 164 170 190 199 200 214 221 250 283 289 325 333 372 382 384 417 418 423 426 428 434 476 482 486 488 527 531 544 551 564 572 584 594 601 602 604 630 636 648 685 687 690 692 697 702 711 743 746 
#66 44
0 27 35 47 69 91 142 143 151 161 164 170 190 199 200 221 250 289 325 333 370 372 384 417 418 423 434 476 482 486 488 507 527 531 544 551 572 594 602 604 630 697 711 746 
#67 336
0 4 5 6 8 13 17 26 27 29 31 33 34 35 41 47 50 51 54 58 59 67 69 71 72 73 74 76 81 85 90 91 93 95 98 108 118 120 121 125 128 132 134 135 137 141 142 143 144 145 148 149 151 152 153 154 157 158 161 162 163 164 166 167 170 172 173 175 177 179 182 184 185 187 190 191 192 193 197 198 199 200 201 204 207 210 212 213 214 217 220 221 222 223 225 228 229 231 238 239 240 243 250 252 253 254 258 259 261 268 272 273 274 276 277 279 283 288 289 290 291 293 296 298 300 302 303 306 308 310 311 312 319 323 325 327 330 331 332 333 334 336 337 340 343 347 348 351 354 356 361 363 364 365 366 368 369 370 372 373 377 380 382 384 389 390 392 394 396 397 398 399 401 409 413 414 416 417 418 419 421 422 423 424 426 429 430 433 434 437 438 442 443 444 446 447 450 455 460 461 462 466 468 469 473 476 478 482 483 484 486 487 488 490 491 496 499 500 501 502 506 507 510 511 515 520 521 522 523 525 526 527 531 539 544 551 553 554 555 556 557 559 560 561 562 564 568 570 571 572 575 577 578 582 584 585 588 592 593 594 597 599 600 602 603 604 605 609 611 612 613 614 619 623 625 630 632 635 636 637 639 642 643 644 645 646 647 648 649 652 653 654 656 657 666 668 669 671 672 674 675 679 683 684 685 686 687 691 692 694 695 696 697 698 701 702 705 707 709 710 711 713 717 718 719 723 724 725 731 732 736 740 743 746 749 750 
#68 3
0 453 747 
#69 95
0 4 8 14 28 29 33 35 42 43 47 95 98 116 120 126 136 141 142 143 161 170 176 191 200 214 222 224 227 232 237 238 240 242 258 263 265 269 272 283 289 293 313 314 331 336 337 340 363 369 372 373 379 382 384 417 418 422 423 426 433 434 441 447 464 469 476 511 512 520 544 551 554 556 564 568 584 591 602 603 604 605 648 675 681 685 690 691 692 702 710 711 723 736 743 
#70 54
0 14 33 35 47 95 114 120 127 142 143 157 161 170 200 206 222 227 272 276 283 289 313 369 372 373 384 409 417 418 423 426 434 476 486 520 544 551 554 564 584 602 603 604 630 636 685 687 690 691 692 702 711 743 
#71 188
0 5 6 13 17 26 31 34 50 54 59 67 71 72 73 74 77 80 81 93 108 118 128 132 134 135 144 145 149 152 153 158 162 163 165 166 167 173 175 177 179 182 184 187 192 193 197 198 201 204 207 210 211 212 213 220 225 229 231 236 239 243 253 254 259 261 268 273 277 279 290 291 296 297 302 308 310 319 323 330 334 345 347 348 351 356 361 365 366 368 377 380 390 393 397 399 410 413 414 416 421 424 429 430 437 438 442 444 446 450 455 461 462 466 468 473 483 484 487 496 500 501 502 506 510 515 521 523 526 539 553 555 557 559 561 562 570 575 577 578 579 585 593 597 599 600 613 614 619 625 629 632 635 639 642 643 644 645 646 649 652 653 654 656 657 666 668 669 671 672 679 683 684 686 694 695 696 698 700 701 705 713 718 719 724 740 744 750 
#72 8
0 80 259 297 345 410 579 744 
#73 13
0 76 165 297 410 439 493 537 579 583 608 716 744 
#74 30
0 8 47 75 126 127 131 136 146 176 200 222 223 227 258 263 280 283 289 305 313 344 358 379 422 464 477 509 538 603 
#75 35
0 15 19 23 39 45 60 61 68 79 83 86 89 94 106 150 186 205 248 260 292 315 374 456 457 470 678 714 721 727 730 734 742 752 754 
#76 4
0 576 620 688 
#77 153
0 8 14 20 28 29 33 35 36 42 43 47 52 82 95 98 114 116 120 126 127 131 136 141 142 143 146 151 154 157 160 161 170 176 191 200 206 214 216 217 221 222 223 224 226 227 232 237 238 240 242 258 269 272 276 280 283 285 286 289 293 298 305 313 314 322 331 336 337 340 349 354 357 358 363 369 370 372 373 375 379 382 383 384 385 392 405 409 414 417 418 420 422 423 426 428 433 434 435 437 441 447 459 464 469 471 476 477 490 492 511 512 520 522 529 554 556 558 561 564 565 568 584 589 595 602 603 604 605 609 623 626 636 637 640 648 660 675 681 685 690 691 692 693 702 703 710 723 729 736 737 743 748 
#78 18
0 48 138 159 171 178 196 208 215 218 318 489 504 567 581 663 670 680 
#79 224
0 4 6 8 13 17 26 29 31 34 35 36 50 51 59 67 71 72 73 81 85 90 93 108 114 116 118 121 131 132 134 135 136 141 143 145 148 153 157 158 162 163 164 167 170 172 173 176 177 179 182 184 187 193 197 198 200 201 204 206 207 210 212 213 217 221 224 227 228 229 231 237 242 243 254 261 272 273 276 277 279 285 290 291 296 302 303 308 310 323 330 334 336 340 347 351 356 357 361 365 366 368 369 373 377 380 382 384 389 390 392 394 398 399 413 414 416 418 419 421 422 423 428 429 430 434 437 438 441 442 443 444 446 447 460 461 464 466 468 473 476 478 484 491 496 501 502 515 520 523 526 529 531 553 556 557 562 568 572 575 577 578 584 585 588 593 597 599 600 602 609 613 614 619 625 626 629 630 632 635 636 639 642 644 645 646 647 648 652 653 654 656 657 660 666 667 671 672 675 679 683 684 686 687 692 694 695 696 697 698 701 705 709 713 717 718 719 723 724 732 736 737 749 750 
#80 252
0 5 6 8 13 17 26 29 31 34 36 50 51 54 59 67 71 72 73 74 77 81 85 93 108 114 116 118 121 128 131 132 134 135 136 143 144 145 148 149 152 153 157 158 162 163 166 167 170 172 173 175 176 177 179 182 184 187 192 193 197 198 200 201 204 205 206 207 210 212 213 217 220 221 224 227 228 229 231 237 239 242 243 254 261 268 272 273 276 277 279 290 291 293 296 302 303 306 308 310 319 323 327 330 334 340 343 347 351 356 357 358 361 365 366 368 369 373 377 380 382 389 390 392 396 397 398 399 413 414 416 418 419 421 422 423 424 428 429 430 437 438 441 442 443 444 446 447 455 460 461 462 464 466 468 473 476 478 484 487 491 496 499 500 501 502 506 510 515 520 521 523 526 539 553 555 557 560 561 562 571 575 577 578 582 584 585 588 593 597 599 600 602 605 609 611 613 614 619 625 626 629 632 635 636 639 642 643 644 645 646 647 648 649 652 653 654 656 657 660 666 667 668 671 672 679 683 684 686 692 694 695 696 698 700 701 705 707 709 713 717 718 719 723 724 725 732 736 737 740 749 750 
#81 28
0 1 29 35 205 216 217 293 336 337 340 373 394 402 409 434 445 476 481 492 505 520 554 622 624 636 687 710 
#82 7
0 52 119 155 222 607 610 
#83 390
0 4 5 6 8 13 14 17 20 26 27 28 29 31 33 34 35 36 41 42 43 47 48 50 52 54 58 59 63 67 69 71 72 73 81 82 85 90 91 93 95 98 108 111 114 116 117 118 120 121 123 125 127 128 131 132 134 135 136 138 141 142 143 144 146 147 148 151 152 153 154 157 158 159 160 161 162 163 164 166 167 170 171 172 173 175 176 177 178 179 180 182 184 187 190 191 192 193 196 199 200 201 206 207 210 211 212 213 214 215 216 217 218 220 221 222 223 224 225 226 227 228 229 231 233 235 237 238 239 240 242 243 247 250 254 258 261 263 265 266 268 269 272 273 276 277 278 279 280 283 285 286 289 290 291 296 298 300 302 305 306 308 310 313 314 318 319 321 323 325 326 327 329 330 331 333 334 336 337 340 342 343 344 347 349 351 354 356 357 361 363 364 365 366 368 369 370 372 373 376 379 382 383 384 389 390 392 394 398 399 403 405 407 409 413 414 416 417 418 419 421 422 423 424 425 426 428 429 430 432 433 434 437 438 441 444 446 447 452 455 459 460 461 462 463 464 466 468 469 473 476 477 478 479 482 486 487 488 489 490 491 494 496 499 500 501 502 503 506 507 510 511 512 515 519 520 521 522 523 525 526 527 529 531 533 538 539 541 544 551 553 554 555 556 557 558 560 561 562 564 565 568 572 575 577 578 581 582 584 585 589 592 593 594 599 600 601 602 603 604 611 614 615 616 619 623 626 630 632 635 636 639 640 643 644 647 648 649 652 653 654 656 660 663 666 667 668 671 672 675 679 681 682 683 684 685 686 687 690 691 692 694 695 696 697 698 700 701 702 703 705 709 711 713 717 718 719 722 723 724 725 732 736 737 738 740 743 746 748 750 
#84 384
0 4 5 6 8 11 13 14 20 26 27 28 29 31 32 33 34 35 36 41 42 43 47 50 52 53 59 65 67 70 71 72 73 75 76 77 80 81 82 85 93 95 98 108 109 114 116 118 119 120 121 124 125 126 127 128 131 132 134 135 136 141 142 143 144 148 151 153 155 157 158 160 161 162 165 167 170 172 175 176 177 179 182 184 187 191 192 197 198 200 201 204 206 207 212 213 214 216 217 220 222 223 224 225 226 227 228 229 230 231 232 233 234 237 238 239 240 242 244 250 252 254 258 259 261 263 264 265 269 272 273 274 276 277 278 279 280 283 285 286 288 289 291 293 296 297 299 300 301 302 304 305 306 308 310 313 314 319 321 322 323 327 329 330 331 332 334 336 337 340 343 344 346 347 349 351 355 356 357 358 361 362 363 365 366 368 369 372 373 375 379 380 381 382 383 384 385 386 388 390 392 396 399 400 403 405 408 409 412 413 414 415 417 418 419 420 421 422 423 424 426 428 430 433 434 437 438 439 441 443 444 445 446 447 454 455 458 459 460 461 462 464 466 469 473 476 477 478 484 486 487 490 491 493 498 499 500 501 502 506 508 509 511 512 515 518 520 521 522 523 526 529 531 533 537 538 539 544 551 554 555 556 557 558 560 561 562 564 565 566 567 568 571 573 575 578 579 582 583 584 585 588 589 591 594 595 599 600 601 602 603 604 605 606 607 609 610 612 614 618 619 626 630 635 636 637 639 644 648 650 652 653 654 657 660 665 666 668 671 672 675 679 681 682 683 685 686 687 690 691 692 693 694 695 696 697 698 699 700 701 702 703 704 705 709 710 711 713 716 717 718 719 723 724 725 731 732 736 737 740 743 744 748 749 
#85 252
0 1 5 6 14 17 18 22 26 31 34 48 50 52 53 54 58 59 60 63 67 71 72 74 81 93 114 117 118 121 123 125 128 130 132 134 136 138 140 147 148 149 153 162 163 167 169 172 173 177 178 179 180 182 184 188 189 191 192 193 196 197 198 201 202 204 205 207 208 209 210 211 212 213 215 218 219 220 222 228 229 231 234 239 249 251 253 261 273 277 279 287 289 290 291 293 296 301 302 303 304 307 308 310 317 318 319 320 321 322 323 330 332 334 339 340 341 343 353 356 361 365 368 372 380 389 397 399 402 403 407 412 413 414 415 418 419 421 424 429 430 432 437 442 445 446 449 450 452 455 458 461 463 466 467 468 472 473 476 480 481 487 492 494 496 498 502 503 505 506 510 514 515 521 523 524 526 532 533 534 536 539 541 543 549 552 557 560 561 570 577 581 585 588 592 593 597 600 613 621 622 624 627 629 632 633 635 636 639 641 642 643 644 645 646 649 650 651 652 653 655 656 657 664 667 668 674 679 683 684 686 694 695 696 698 701 704 705 708 709 710 712 713 715 718 719 722 724 726 732 738 751 
#86 43
0 48 52 111 123 136 138 171 178 180 208 215 218 235 251 255 270 287 317 318 321 326 353 376 403 407 412 425 432 452 463 494 524 532 533 541 581 621 633 651 712 715 722 
#87 309
0 1 5 6 8 13 14 17 26 28 31 34 41 47 50 51 52 54 59 62 65 67 71 72 73 74 75 81 85 93 108 116 118 119 121 124 125 126 127 128 131 132 134 135 136 144 145 146 147 148 149 152 153 158 162 163 166 167 172 173 174 175 176 177 179 182 184 187 192 193 197 198 200 201 204 207 210 211 212 213 214 217 220 222 223 224 225 226 227 228 229 231 234 239 243 252 253 254 258 261 263 268 273 276 277 279 280 283 285 288 289 290 291 296 300 301 302 303 304 305 306 308 309 310 313 314 318 319 322 323 325 327 330 332 334 340 343 344 346 347 348 351 355 356 357 358 361 363 365 366 368 373 377 378 379 380 381 385 388 389 390 392 393 395 396 397 398 399 403 408 413 414 415 416 419 421 422 424 426 429 430 434 435 437 438 442 443 444 446 450 455 458 459 461 462 464 466 468 473 476 477 478 483 484 487 496 498 499 500 501 502 506 509 510 511 515 520 521 522 523 526 529 538 539 546 553 555 557 560 561 562 570 571 575 577 578 582 585 588 592 593 595 597 599 600 603 607 609 612 613 614 619 622 623 625 626 632 635 636 637 639 642 643 644 645 646 647 649 652 653 654 656 657 659 666 667 668 669 671 672 674 675 679 683 684 686 694 695 696 698 699 700 701 705 707 709 713 717 718 719 723 724 725 732 737 740 743 749 750 
#88 471
0 4 5 6 8 11 13 14 17 18 20 22 26 27 28 29 31 32 33 34 35 36 41 42 43 47 48 50 52 53 54 59 63 65 67 71 72 73 74 75 77 81 82 85 93 95 98 108 109 114 116 117 118 119 120 121 123 124 125 126 127 128 130 131 132 134 135 136 138 140 141 142 143 144 147 148 149 151 153 155 157 158 160 161 162 163 167 169 170 172 173 175 176 177 178 179 180 182 184 187 188 189 191 192 193 196 197 198 200 201 202 204 206 207 208 209 210 211 212 213 214 215 216 217 218 219 220 222 223 224 225 226 227 228 229 230 231 232 233 234 237 238 239 240 242 244 249 250 251 252 253 254 258 261 263 264 265 269 272 273 274 276 277 278 279 280 283 285 286 287 288 289 290 291 293 296 299 300 301 302 303 304 305 306 307 308 310 313 314 317 318 319 320 321 322 323 327 329 330 331 332 334 336 337 339 340 341 343 344 346 347 349 351 353 355 356 357 358 361 362 363 365 366 368 369 372 373 375 379 380 381 382 383 384 385 386 388 389 390 392 396 397 399 400 403 405 407 408 409 412 413 414 415 417 418 419 420 421 422 423 424 426 428 429 430 432 433 434 437 438 441 442 443 444 445 446 447 449 450 452 454 455 458 459 460 461 462 463 464 466 467 468 469 472 473 476 477 478 480 484 486 487 490 491 494 496 498 499 500 501 502 503 506 508 509 510 511 512 514 515 520 521 522 523 524 526 529 531 532 533 534 536 538 539 541 543 544 549 551 554 555 556 557 558 560 561 562 564 565 566 567 568 570 571 573 575 577 578 581 582 584 585 588 589 591 592 593 594 595 597 599 600 601 602 603 604 605 607 609 610 612 613 614 617 618 619 621 626 627 629 630 632 633 635 636 637 639 641 642 643 644 645 646 648 649 650 651 652 653 654 655 656 657 660 665 666 667 668 671 672 674 675 679 681 682 683 684 685 686 687 690 691 692 693 694 695 696 697 698 699 700 701 702 703 704 705 708 709 710 711 712 713 715 717 718 719 722 723 724 725 726 731 732 736 737 738 740 743 748 749 751 
#89 390
0 1 4 5 6 8 11 13 14 17 20 26 27 28 29 31 32 33 34 35 36 41 42 43 47 50 51 52 54 59 61 67 71 72 73 74 81 82 85 90 93 95 98 108 114 116 117 118 119 120 121 125 126 127 128 131 132 134 135 136 141 142 143 144 145 147 148 149 151 152 153 157 158 160 161 162 163 166 167 170 172 173 175 176 177 179 182 184 187 191 192 193 197 198 200 201 204 205 206 207 210 211 212 213 214 216 217 220 221 222 223 224 225 226 227 228 229 230 231 232 233 234 237 238 239 240 242 243 252 254 258 261 263 265 268 269 271 272 273 276 277 278 279 280 283 285 286 288 289 290 291 293 296 298 299 300 302 306 308 310 313 314 319 323 327 329 330 331 332 334 336 337 340 343 344 347 349 351 354 356 357 358 361 362 363 365 366 368 369 372 373 379 380 382 383 385 388 389 390 392 396 397 398 399 401 402 403 405 408 409 413 414 415 416 418 419 420 421 422 423 424 426 428 429 430 433 434 437 438 441 442 444 445 446 447 450 454 455 461 462 464 466 468 469 473 476 478 479 481 483 484 486 487 490 491 492 496 499 500 501 502 505 506 510 511 512 515 517 519 520 521 522 523 526 529 538 539 544 545 551 553 554 555 556 557 560 561 562 564 565 568 570 573 575 577 578 582 584 585 588 589 591 592 593 594 595 597 599 600 601 603 604 605 609 611 612 613 614 615 619 622 623 624 625 626 632 633 635 636 637 639 640 642 643 644 646 647 648 649 652 653 654 656 657 660 666 667 668 671 672 675 679 682 683 684 685 686 687 690 691 692 694 695 696 698 699 700 701 703 704 705 709 710 711 713 717 718 719 723 724 725 731 732 736 737 740 743 748 749 750 
#90 272
0 3 4 5 6 8 10 13 17 26 30 31 34 40 41 47 50 51 54 58 67 71 72 73 74 75 77 81 85 91 93 108 118 121 125 126 127 128 131 132 133 134 135 136 144 145 146 148 149 151 152 153 156 158 162 163 166 167 172 173 175 176 177 179 182 184 187 192 193 196 197 198 199 200 201 203 204 207 210 212 213 220 222 223 225 227 228 229 231 235 239 243 245 253 254 258 261 263 268 273 277 279 280 283 289 290 291 296 302 305 306 308 310 311 312 313 316 319 322 323 327 330 334 341 343 344 347 348 351 356 358 361 363 365 366 368 378 379 380 386 389 390 395 397 398 399 413 414 416 419 421 422 424 429 430 431 434 437 438 442 443 444 446 450 455 460 461 462 464 466 468 473 476 477 478 479 483 485 487 496 499 500 501 502 504 506 508 509 510 511 515 519 521 522 523 526 531 538 542 547 548 551 553 555 557 560 561 562 570 571 575 577 578 585 588 592 593 597 599 600 603 605 613 614 619 625 632 635 636 639 642 643 644 645 646 647 649 652 653 654 656 657 666 668 669 671 672 674 679 680 683 684 686 694 695 696 698 700 701 705 707 709 713 717 718 719 724 725 732 740 749 750 
#91 404
0 5 6 8 11 12 13 14 17 20 26 28 29 31 32 33 34 35 36 41 42 43 47 50 51 52 54 58 59 67 71 72 73 74 75 76 81 82 85 90 93 95 98 108 114 116 118 119 120 121 125 126 127 128 131 132 134 135 136 141 142 143 144 145 147 148 149 151 152 153 157 158 160 161 162 163 166 167 170 172 173 175 176 177 179 182 184 187 191 192 193 197 198 200 201 204 206 207 210 211 212 213 214 216 217 220 222 223 224 225 226 227 228 229 230 231 233 234 237 238 239 240 242 243 250 252 254 258 261 263 265 268 269 272 273 274 275 276 277 278 279 280 283 285 286 288 289 290 291 293 296 297 298 299 300 301 302 305 306 308 310 313 314 316 319 322 323 327 329 330 331 332 334 336 337 340 343 344 347 348 349 351 354 356 357 358 361 363 365 366 367 368 369 370 372 373 375 379 380 382 383 386 389 390 392 396 397 398 399 401 405 408 409 412 413 414 415 416 417 418 419 420 421 422 423 424 426 428 429 430 433 434 435 437 438 441 442 443 444 446 447 450 455 458 459 460 461 462 464 466 468 469 471 473 476 478 479 483 484 486 487 490 491 493 496 498 499 500 501 502 506 508 509 510 511 512 515 517 519 520 521 522 523 526 529 536 538 539 544 551 553 555 556 557 560 561 562 564 565 566 568 570 571 575 577 578 582 583 584 585 588 591 592 593 595 597 599 600 601 602 603 604 605 609 611 612 613 614 615 618 619 623 625 626 630 632 635 636 639 640 642 643 644 646 647 648 649 652 653 654 656 657 659 660 666 667 668 669 671 672 675 679 681 682 683 684 685 686 687 690 691 692 694 695 696 698 700 701 702 703 704 705 706 707 709 710 711 713 717 718 719 723 724 725 729 731 732 736 737 740 743 748 749 750 
#92 257
0 5 8 13 17 20 26 28 29 31 33 34 36 47 50 54 67 71 72 73 74 81 85 93 95 98 108 114 116 118 120 121 125 128 131 132 134 135 136 141 142 143 144 145 148 151 152 153 158 160 162 163 166 167 170 172 173 175 176 177 179 182 187 191 192 193 197 200 201 204 207 210 212 213 214 220 222 225 227 228 229 231 237 238 239 240 242 243 254 261 265 268 272 273 276 277 279 286 290 291 296 302 306 308 310 314 319 327 330 331 334 336 343 347 351 356 361 363 365 368 369 372 373 379 380 382 389 390 392 397 398 399 409 413 414 416 417 418 419 421 422 423 424 426 428 429 430 433 437 441 442 443 444 446 447 450 455 461 462 464 466 468 473 476 478 483 487 490 496 500 501 502 506 510 515 520 521 522 523 526 531 553 554 555 556 557 560 561 562 564 568 571 575 577 578 585 588 591 592 593 594 597 600 602 603 609 613 614 619 625 626 632 635 636 642 643 644 646 648 649 652 653 654 656 657 666 668 669 671 672 679 683 684 685 686 692 695 696 698 701 705 709 710 713 717 718 719 723 724 725 732 736 737 740 743 749 750 
#93 173
0 8 11 14 20 28 29 32 33 35 36 42 43 47 52 69 73 75 82 90 95 98 114 116 119 120 126 127 131 136 141 142 143 146 157 160 161 170 176 191 200 206 214 216 217 221 222 223 224 227 230 232 233 237 238 240 242 250 258 263 265 269 272 276 278 280 283 285 286 288 289 293 299 301 305 313 314 322 329 331 332 333 337 340 344 349 354 357 358 362 369 370 372 373 375 379 382 383 384 392 405 409 415 417 418 420 422 423 426 428 433 434 437 441 447 454 460 464 471 476 477 486 490 508 509 511 512 517 520 527 529 538 544 551 554 556 564 565 584 591 594 595 601 602 603 604 609 612 618 626 630 636 640 648 660 675 681 682 685 687 690 691 692 702 704 710 711 723 731 736 737 743 748 
#94 102
0 8 14 20 29 33 36 42 43 47 73 82 95 114 120 126 127 136 141 142 143 151 157 160 161 170 176 200 206 214 216 222 224 227 232 233 237 242 258 263 269 272 276 278 283 285 288 289 293 313 314 331 344 358 369 370 372 373 379 382 384 405 409 417 418 423 426 428 434 437 476 490 509 512 520 529 538 544 551 554 556 564 584 594 601 602 603 604 605 609 626 636 648 664 682 685 690 691 692 711 723 743 
#95 83
0 8 20 28 29 33 36 47 82 95 98 116 120 127 131 136 141 142 143 160 170 176 191 200 206 214 216 222 223 224 227 233 237 238 242 265 272 276 278 280 283 286 289 314 331 336 363 369 372 373 379 382 392 405 409 418 422 423 426 428 437 441 447 464 476 512 520 554 556 564 568 584 603 626 636 648 660 685 690 692 723 736 737 
#96 345
0 4 5 6 8 13 14 17 20 26 27 29 31 33 34 35 36 41 43 47 50 51 54 59 67 71 72 73 74 75 77 81 82 85 90 93 95 108 114 116 118 120 121 125 126 127 128 131 132 134 135 136 141 142 143 144 145 146 148 152 153 157 158 160 161 162 163 166 167 170 172 173 175 176 177 179 182 184 187 190 191 192 193 197 198 200 201 204 206 207 210 212 213 214 216 217 220 222 223 224 225 226 227 228 229 231 233 237 238 239 242 243 250 253 254 258 261 263 268 269 272 273 276 277 278 279 280 283 285 286 288 289 290 291 293 296 302 303 306 308 310 313 314 319 322 323 325 327 329 330 334 337 340 343 344 347 348 351 354 356 358 361 365 368 369 370 372 373 379 380 382 383 384 389 390 392 397 398 399 405 409 413 414 416 417 418 419 420 421 422 423 424 426 428 429 430 435 437 438 441 442 443 444 446 447 450 455 459 460 461 462 464 466 468 473 476 477 478 483 484 486 487 490 491 496 499 500 501 502 506 510 511 512 515 520 521 522 523 526 527 529 531 538 539 544 551 553 554 555 556 557 558 560 561 562 566 568 570 571 575 577 578 582 584 585 588 592 593 597 599 600 601 602 603 604 605 613 614 619 625 626 630 632 635 636 639 640 642 643 644 645 646 647 648 649 652 653 654 656 657 660 666 668 669 671 672 675 679 682 683 684 685 686 687 690 691 692 694 695 696 698 700 701 702 703 705 707 709 710 711 713 717 718 719 723 724 725 732 736 737 740 743 748 749 750 
#97 128
0 8 11 20 27 28 29 32 33 35 36 42 47 52 82 95 98 114 116 119 120 126 127 131 136 141 142 143 157 160 161 170 176 191 200 206 214 217 222 223 224 227 230 232 233 237 240 242 252 258 265 272 276 280 283 286 289 299 301 314 331 336 337 340 357 362 363 369 372 373 379 382 384 385 392 405 408 409 415 417 418 422 423 426 428 434 437 441 447 454 464 469 476 508 511 512 517 520 527 529 554 556 558 564 565 568 584 603 604 609 618 626 636 648 660 675 685 690 691 692 703 704 711 723 731 736 737 743 
#98 89
0 4 8 28 33 35 36 42 43 95 98 116 120 141 142 143 157 161 170 176 191 200 206 214 222 227 232 238 240 242 258 263 265 269 272 276 283 286 289 293 313 314 331 336 337 340 363 372 373 379 382 384 417 418 422 423 426 433 434 464 469 476 511 512 520 544 551 554 556 564 568 584 591 601 602 603 604 605 626 675 681 685 691 692 702 710 711 723 743 
#99 75
0 8 20 28 29 33 36 82 95 116 120 127 131 136 141 143 160 170 176 191 200 206 214 216 223 227 233 237 242 263 269 272 276 280 283 286 289 314 331 337 369 372 373 379 382 392 405 417 418 422 423 426 428 437 441 447 464 476 490 520 554 556 602 603 626 636 648 660 685 690 691 692 723 737 743 
#100 201
0 4 8 11 14 20 27 28 29 32 33 35 36 42 43 47 52 58 69 73 82 90 91 95 98 114 116 117 119 120 126 127 131 136 141 142 143 146 151 154 157 160 161 164 170 176 190 191 199 200 206 214 216 217 221 222 223 224 226 227 230 232 233 234 237 238 240 242 244 250 258 263 265 269 272 276 278 280 283 285 286 288 289 293 299 301 305 313 314 325 329 331 332 333 336 337 340 344 354 357 358 362 363 364 369 370 372 373 379 382 383 384 392 394 405 409 415 417 418 420 422 423 426 428 433 434 437 441 447 454 459 460 464 469 476 477 482 486 488 490 491 507 508 511 512 517 520 525 527 529 531 538 544 551 554 556 558 561 564 565 568 572 573 584 589 591 594 601 602 603 604 605 622 623 626 630 636 640 648 660 675 681 682 685 687 690 691 692 697 702 703 704 710 711 723 731 736 737 743 746 748 
#101 51
0 8 20 36 47 82 116 127 131 136 142 143 160 170 176 200 206 223 224 227 237 242 272 276 280 283 286 289 369 372 373 382 392 405 409 422 423 428 437 441 447 464 476 520 636 648 660 690 692 723 737 
#102 166
0 8 11 14 20 27 28 29 32 33 35 36 42 43 47 52 58 69 95 98 114 116 119 120 126 127 131 136 141 142 143 151 157 160 161 164 170 176 190 191 200 206 214 216 221 222 224 227 230 232 233 237 238 240 242 252 258 263 265 269 272 276 278 280 283 285 286 288 289 293 299 301 312 313 314 325 331 333 336 340 344 357 358 362 363 364 369 370 372 373 379 382 384 385 392 408 409 415 417 418 420 422 423 426 428 433 434 435 437 441 454 459 469 476 482 488 490 507 508 511 512 517 520 527 529 531 538 544 551 554 556 558 564 568 572 584 591 594 595 601 602 603 604 605 609 612 618 626 636 640 648 675 681 682 691 692 697 704 710 711 723 731 736 737 743 746 
#103 74
0 8 14 20 29 33 36 82 95 98 116 120 127 131 136 157 160 170 176 200 206 216 223 224 227 237 240 242 269 272 276 278 280 283 286 289 313 331 336 337 369 372 373 379 382 392 405 422 423 426 428 437 441 464 476 490 512 520 554 556 564 601 603 604 626 636 648 660 675 685 690 692 723 737 
#104 76
0 20 28 33 36 98 116 120 127 136 141 142 143 157 160 170 176 191 200 214 222 223 227 237 238 242 263 265 269 272 276 280 283 286 289 313 314 331 337 340 363 372 373 379 382 384 392 418 423 426 437 441 447 464 476 520 554 556 564 568 602 603 626 636 648 660 675 681 690 691 692 710 723 736 737 743 
#105 132
0 4 8 14 20 29 35 36 43 47 82 90 95 114 116 120 126 127 131 136 141 142 143 151 157 160 161 170 176 190 191 200 206 214 216 217 222 223 224 226 227 232 237 238 242 258 263 269 272 276 278 280 283 285 286 288 289 305 313 314 331 340 344 358 363 369 372 373 382 383 392 405 409 417 418 420 422 423 426 428 434 435 437 441 447 460 464 469 476 477 486 488 490 491 509 511 512 520 527 529 538 544 551 554 556 561 564 565 572 584 601 602 603 604 605 609 612 626 630 636 648 660 675 682 685 690 692 702 711 723 737 743 
#106 76
0 4 8 20 33 35 36 42 95 98 120 127 131 141 143 157 160 176 191 200 214 216 222 227 238 240 242 258 263 265 269 276 278 289 293 313 314 331 336 337 340 363 379 382 384 409 418 426 428 433 434 437 441 469 476 511 520 529 554 556 564 568 591 602 603 605 636 660 675 681 691 692 710 723 736 743 
#107 80
0 4 8 14 20 28 29 33 35 36 98 120 136 141 143 160 170 176 191 200 206 214 216 222 238 240 242 258 263 265 269 272 276 286 289 293 314 331 336 337 358 363 372 373 379 384 392 418 423 433 434 437 441 469 476 511 520 554 556 564 568 584 591 602 603 604 605 636 648 660 675 681 685 691 692 710 711 723 736 737 
#108 113
0 8 14 20 28 29 33 36 47 73 82 95 116 120 127 131 136 142 143 151 157 160 161 170 176 200 206 216 224 226 227 232 237 242 250 269 272 276 278 280 283 285 286 289 293 313 314 322 329 337 340 349 354 358 369 370 372 373 375 379 382 383 392 405 409 417 420 422 423 426 428 435 437 441 447 459 460 464 471 476 486 490 509 512 520 529 538 544 554 561 565 566 584 601 602 603 604 626 636 640 648 660 664 685 690 692 702 703 723 729 736 737 743 
#109 316
0 5 6 8 13 14 17 20 26 28 29 31 33 34 35 36 41 42 43 47 50 51 54 59 67 71 72 73 74 81 82 85 90 93 95 98 108 114 116 118 120 121 125 126 127 128 131 132 134 135 136 141 142 143 144 145 147 148 152 153 157 158 160 161 162 163 166 167 170 172 173 175 176 177 179 182 184 187 191 192 193 197 200 201 204 206 207 210 211 212 213 214 216 220 222 223 224 225 227 228 229 231 233 237 238 239 240 242 243 254 258 261 263 268 269 272 273 276 277 278 279 280 283 286 289 290 291 296 300 302 306 308 310 313 314 319 323 327 330 331 334 336 337 340 343 344 347 351 356 358 361 363 365 366 368 369 372 373 379 380 382 383 389 390 392 397 398 399 405 409 413 414 416 419 421 422 423 424 426 428 429 430 434 437 438 441 442 443 444 446 447 450 455 461 462 464 466 468 469 473 476 478 483 487 490 496 499 500 501 502 506 510 511 512 515 520 521 522 523 526 529 538 539 544 553 555 556 557 558 560 561 562 564 565 568 570 571 575 577 578 582 584 585 588 592 593 597 599 600 601 603 604 613 614 619 625 626 632 635 636 639 642 643 644 646 647 648 649 652 653 654 656 657 660 666 667 668 671 672 675 679 682 683 684 685 686 687 690 691 692 694 695 696 698 700 701 703 705 709 710 711 713 717 718 719 723 724 725 732 736 737 740 743 748 749 750 
#110 67
0 8 20 43 95 116 126 127 131 136 143 157 160 161 170 176 200 206 222 224 227 233 242 263 269 272 276 278 280 283 285 286 289 313 344 372 373 379 382 392 409 422 423 426 437 476 490 512 520 529 538 544 551 556 584 603 604 648 660 682 685 691 692 710 711 736 748 
#111 22
0 11 32 52 119 126 136 222 230 265 299 301 332 362 379 408 415 454 508 618 704 736 
#112 250
0 5 10 11 13 17 21 22 24 26 30 31 34 37 48 50 52 53 54 59 63 71 72 73 74 75 77 81 84 85 93 96 105 108 117 118 121 123 125 128 132 133 134 136 137 140 147 148 149 151 152 153 158 159 162 163 167 172 173 174 177 178 179 180 182 184 188 192 193 194 196 197 198 201 204 206 207 209 210 212 213 215 218 220 228 229 231 235 239 241 243 245 249 251 253 254 261 262 263 270 273 279 287 291 296 300 302 308 310 316 319 321 323 326 330 334 343 347 351 356 361 365 366 368 373 380 382 386 389 391 392 396 397 398 399 403 407 411 413 414 416 421 425 429 430 431 437 438 442 443 444 446 450 451 452 455 458 459 461 462 463 466 468 471 473 478 479 480 496 497 501 502 504 506 515 516 517 519 521 522 526 533 539 541 542 547 548 555 557 560 561 562 569 571 577 581 585 591 592 593 597 599 600 613 614 619 628 629 633 635 642 643 644 645 646 652 653 654 656 657 658 663 666 668 669 670 671 672 674 679 680 683 686 694 695 696 698 701 704 705 709 713 718 719 722 724 725 749 750 754 
#113 414
0 4 5 6 8 10 11 13 14 17 20 21 26 28 29 31 32 33 34 35 36 41 42 43 47 48 50 52 53 54 58 59 63 67 71 72 73 81 82 85 90 93 95 98 108 111 114 116 117 118 119 120 121 125 126 127 128 131 132 134 135 136 138 141 142 143 144 147 148 151 152 153 157 158 160 161 162 163 166 167 170 172 173 175 176 177 179 180 182 184 187 190 191 192 193 196 200 201 203 206 207 208 209 210 211 212 213 214 215 216 217 218 220 222 223 224 225 226 227 228 229 230 231 232 233 234 237 238 239 240 242 243 244 254 258 261 263 264 265 268 269 272 273 274 276 277 278 279 280 283 285 286 288 289 290 291 293 295 296 298 299 300 301 302 305 306 308 310 313 314 316 318 319 321 322 323 325 326 327 329 330 331 332 334 336 337 340 343 344 347 349 351 354 356 357 358 361 362 363 365 366 368 369 372 373 379 382 383 384 389 390 392 394 395 398 399 400 403 405 407 408 409 412 413 414 415 416 417 418 419 421 422 423 424 426 428 429 430 432 433 434 435 437 438 441 444 446 447 451 452 454 455 458 459 460 461 462 463 464 466 468 469 473 476 477 478 479 486 487 489 490 491 494 496 498 499 500 501 502 503 504 506 508 510 511 512 515 517 519 520 521 522 523 526 527 529 533 539 541 544 546 549 551 553 554 555 556 557 558 560 561 562 564 565 567 568 573 575 577 578 581 582 584 585 589 591 592 593 599 600 601 602 603 604 605 611 614 615 618 619 623 626 630 632 633 635 636 637 639 640 643 644 647 648 649 650 651 652 653 654 656 660 663 666 667 668 670 671 672 673 675 679 680 681 683 684 685 686 687 690 691 692 694 695 696 697 698 700 701 702 703 704 705 709 710 712 713 717 718 719 722 723 724 725 731 732 735 736 737 738 740 743 748 750 
#114 21
0 48 52 111 123 178 180 215 218 318 321 326 403 407 452 463 533 541 581 712 722 
#115 10
0 3 245 249 262 328 341 403 712 738 
#116 413
0 5 6 8 11 13 14 17 18 20 24 26 28 29 31 32 33 34 35 36 41 42 47 50 52 54 59 63 66 67 71 72 73 75 78 81 82 85 90 93 95 98 108 111 114 116 118 119 120 121 123 124 125 126 127 128 131 132 134 135 136 138 141 142 143 144 146 147 148 151 152 153 154 155 157 158 160 161 162 163 166 167 170 171 172 173 174 175 176 177 178 179 182 184 187 191 192 193 196 200 201 206 207 208 210 211 212 213 214 215 216 217 218 220 222 223 224 225 226 227 228 229 230 231 233 234 237 238 239 240 242 243 254 258 261 262 263 264 265 268 269 272 273 274 275 276 277 278 279 280 282 283 286 289 290 291 293 295 296 298 299 300 301 302 304 305 306 308 310 313 314 316 318 319 321 322 323 327 329 330 331 332 334 336 337 338 340 343 344 347 349 351 354 356 357 358 361 362 363 365 366 367 368 369 372 373 376 379 382 383 386 389 390 392 395 398 399 400 403 404 405 407 408 409 412 413 414 415 416 417 418 419 421 422 423 424 425 426 428 429 430 432 434 435 437 438 441 444 446 447 452 455 458 459 461 462 463 464 466 468 469 471 473 476 477 478 479 487 489 490 491 494 495 496 498 499 500 501 502 503 506 508 509 510 511 512 515 517 519 520 521 522 523 526 529 538 539 541 544 546 551 553 554 555 556 557 558 560 561 562 564 565 566 567 568 575 577 578 581 582 584 585 590 591 592 593 596 599 600 601 602 603 604 605 609 611 614 615 616 618 619 623 626 627 632 635 636 639 640 643 644 647 648 649 650 652 653 654 656 659 660 663 665 666 667 668 670 671 672 674 675 679 681 682 683 684 685 686 687 690 692 694 695 696 698 700 701 702 703 704 705 706 708 709 710 713 717 718 719 722 723 724 725 731 732 735 736 737 738 740 743 748 750 
#117 16
0 21 63 194 195 215 245 249 257 326 328 406 407 451 513 581 
#118 405
0 4 5 6 8 11 13 14 17 20 26 27 28 29 31 32 33 34 35 36 41 42 43 47 50 51 52 59 67 71 72 73 75 77 81 82 85 90 91 93 95 98 108 109 114 116 118 119 120 121 125 126 127 128 131 132 134 135 136 141 142 143 144 145 146 147 148 151 152 153 154 157 158 160 161 162 163 167 170 172 173 175 176 177 179 182 184 187 190 191 192 193 197 198 200 201 204 206 207 210 212 213 214 216 217 220 221 222 223 224 225 226 227 228 229 230 231 232 233 234 237 238 239 240 242 243 244 250 252 254 258 261 263 265 269 272 273 276 277 278 279 280 283 285 286 288 289 290 291 293 296 298 299 300 301 302 303 305 306 308 310 313 314 316 319 322 323 327 329 330 331 332 334 336 337 339 340 343 344 347 349 351 354 356 357 358 361 362 365 366 368 369 370 372 373 375 377 379 380 382 383 384 385 386 389 390 392 394 396 398 399 405 408 409 412 413 414 415 416 417 418 419 420 421 422 423 424 426 428 429 430 433 434 435 437 438 441 442 443 444 445 446 447 454 455 458 459 460 461 462 464 466 468 469 471 473 476 477 478 484 486 487 490 496 499 500 501 502 506 508 509 511 512 515 517 520 521 522 523 526 527 529 531 538 539 544 551 553 554 555 556 557 558 560 561 562 564 565 566 568 571 573 575 577 578 582 584 585 588 589 591 593 594 595 597 599 600 601 602 603 604 605 609 611 612 613 614 618 619 623 625 626 629 630 632 635 636 637 639 640 642 643 644 645 646 647 648 649 650 652 653 654 656 657 659 660 664 665 666 667 668 671 672 675 679 681 682 683 684 685 686 687 690 691 692 694 695 696 698 700 701 702 703 704 705 706 709 710 711 713 717 718 719 723 724 725 731 732 736 737 740 743 748 749 750 
#119 448
0 4 5 6 8 11 13 14 17 18 20 24 26 28 29 31 32 33 34 35 36 41 42 43 47 48 50 52 53 54 59 63 66 67 71 72 73 75 78 81 82 85 90 93 95 98 108 111 114 116 117 118 119 120 121 123 124 125 126 127 128 131 132 134 135 136 137 138 141 142 143 144 146 147 148 151 152 153 154 155 157 158 160 161 162 163 166 167 169 170 171 172 173 174 175 176 177 178 179 180 182 184 185 187 191 192 193 196 200 201 206 207 209 210 211 212 213 214 215 216 217 218 219 220 222 223 224 225 226 227 228 229 230 231 232 233 234 237 238 239 240 241 242 243 244 254 255 258 261 262 263 264 265 268 269 271 272 273 274 275 276 277 278 279 280 282 283 285 286 289 290 291 293 295 296 298 299 300 301 302 304 305 306 307 308 310 313 314 316 318 319 321 322 323 326 327 329 330 331 332 334 336 337 338 340 343 344 347 349 350 351 354 356 357 358 361 362 363 365 366 367 368 369 372 373 376 379 381 382 383 384 386 388 389 390 392 395 398 399 400 403 404 405 407 408 409 412 413 414 415 416 417 418 419 420 421 422 423 424 425 426 428 429 430 432 433 434 435 437 438 441 444 446 447 452 454 455 458 459 460 461 462 463 464 466 468 469 471 472 473 476 477 478 479 487 489 490 491 494 495 496 497 498 499 500 501 502 503 506 508 509 510 511 512 515 517 519 520 521 522 523 526 529 531 533 538 539 541 544 546 551 553 554 555 556 557 558 560 561 562 564 565 566 567 568 573 575 577 578 581 582 584 585 590 591 592 593 596 599 600 601 602 603 604 605 609 611 614 615 618 619 623 626 627 632 633 635 636 639 640 643 644 647 648 649 650 652 653 654 655 656 659 660 665 666 667 668 671 672 673 674 675 679 681 682 683 684 685 686 687 690 691 692 694 695 696 697 698 700 701 702 703 704 705 706 708 709 710 711 712 713 717 718 719 722 723 724 725 731 732 735 736 737 738 740 743 748 750 
#120 418
0 5 6 8 11 13 14 17 20 24 26 28 29 31 32 33 34 35 36 41 42 43 47 48 50 52 54 59 63 66 67 71 72 73 75 78 81 82 85 90 93 95 98 108 111 114 116 117 118 119 120 121 123 125 126 127 128 131 132 134 135 136 138 141 142 143 144 147 148 151 152 153 157 158 160 161 162 163 166 167 170 172 173 175 176 177 178 179 182 184 187 190 191 192 193 196 200 201 206 207 209 210 211 212 213 214 215 216 217 218 220 222 223 224 225 226 227 228 229 230 231 233 234 237 238 239 240 242 243 254 258 261 262 263 265 268 269 272 273 274 275 276 277 278 279 280 283 285 286 288 289 290 291 293 295 296 298 299 300 301 302 305 306 308 310 313 314 316 318 319 321 322 323 326 327 329 330 331 332 334 336 337 338 340 343 344 347 349 351 354 356 357 358 361 362 363 365 366 367 368 369 372 373 375 376 379 382 383 384 386 389 390 392 395 398 399 400 403 404 405 407 408 409 412 413 414 415 416 417 418 419 420 421 422 423 424 425 426 428 429 430 432 433 434 435 437 438 441 444 446 447 452 455 458 459 460 461 462 463 464 466 468 469 471 473 476 477 478 479 486 487 489 490 491 495 496 498 499 500 501 502 504 506 508 509 510 511 512 515 517 519 520 521 522 523 526 527 529 533 538 539 541 544 551 553 554 555 556 557 558 560 561 562 564 565 566 567 568 573 575 577 578 581 582 584 585 589 590 591 592 593 596 599 600 601 602 603 604 605 611 614 615 618 619 623 626 627 630 632 633 635 636 637 639 640 643 644 647 648 649 650 652 653 654 656 659 660 666 667 668 670 671 672 675 679 681 682 683 684 685 686 687 690 691 692 694 695 696 698 700 701 702 703 704 705 706 709 710 711 712 713 717 718 719 722 723 724 725 731 732 735 736 737 738 740 743 748 750 
#121 40
0 2 7 9 15 19 23 39 45 46 56 60 61 68 92 94 110 112 113 150 186 248 281 292 374 387 436 456 457 631 676 678 727 739 741 742 752 753 754 755 
#122 146
0 8 11 14 20 28 29 32 33 35 36 42 43 47 52 82 95 116 119 126 127 131 136 141 142 143 157 160 161 170 174 176 190 191 200 206 217 223 224 226 227 233 234 237 238 242 258 263 272 276 280 283 285 286 288 289 293 299 301 305 314 316 322 331 332 336 337 340 344 354 358 362 363 369 372 373 379 382 384 386 392 405 409 412 415 417 418 426 433 434 435 437 441 447 458 459 460 464 469 471 476 477 486 498 508 511 512 520 527 529 551 554 556 558 564 565 566 568 573 584 589 601 618 623 626 630 636 637 648 650 659 660 675 681 685 687 690 691 692 703 704 706 723 731 737 748 
#123 102
0 14 27 29 32 33 48 52 95 116 117 120 126 127 131 136 141 143 160 170 176 180 191 200 214 215 217 218 222 223 224 227 233 238 240 242 251 265 269 276 280 283 286 287 289 313 318 322 323 329 332 336 337 340 358 362 372 373 379 382 385 392 403 405 407 418 422 423 426 432 441 447 452 463 476 490 512 520 541 554 556 564 565 573 603 609 618 626 633 636 648 650 660 681 690 691 692 723 731 736 737 743 
#124 55
0 11 32 48 52 53 63 66 111 117 119 126 136 138 206 208 222 230 247 263 265 271 299 321 329 332 362 367 379 388 403 404 407 408 415 425 454 489 503 517 545 567 573 590 591 605 616 633 663 670 704 722 731 736 738 
#125 251
0 5 6 14 17 18 22 26 31 34 48 50 52 53 54 59 63 65 67 71 72 74 81 93 105 117 118 121 122 123 124 125 126 128 130 132 134 136 138 140 147 148 149 153 162 163 167 169 172 173 174 177 178 179 180 182 184 188 189 192 193 196 197 198 201 202 204 207 208 209 210 211 212 213 215 218 219 220 222 228 229 231 234 239 249 251 253 261 273 275 277 279 287 289 290 291 296 301 302 303 304 307 308 310 316 317 318 319 320 321 322 323 325 330 332 334 339 341 343 353 355 356 361 365 368 372 380 386 389 397 399 403 407 411 412 413 414 415 419 421 424 429 430 432 435 437 442 446 449 450 452 455 458 459 461 463 466 467 468 471 472 473 480 487 494 496 498 502 503 506 510 514 515 521 523 524 526 532 533 534 536 539 541 543 549 557 560 561 566 570 577 581 585 588 592 593 597 600 613 616 621 627 629 632 633 635 636 639 641 642 643 644 645 646 649 651 652 653 655 656 657 659 667 668 674 679 683 684 686 694 695 696 698 701 704 705 706 708 709 712 713 715 718 719 722 724 726 728 732 738 751 
#126 423
0 4 5 6 8 11 13 14 17 20 22 26 27 28 29 31 32 33 34 35 36 41 42 43 47 48 50 52 53 54 58 59 63 67 69 71 72 73 75 78 81 82 85 90 91 93 95 98 108 111 114 116 117 118 119 120 121 123 125 126 127 128 131 132 134 135 136 141 142 143 144 146 147 148 151 152 153 157 158 159 160 161 162 163 164 166 167 170 172 173 175 176 177 178 179 180 182 184 187 188 190 191 192 193 199 200 201 203 206 207 208 210 211 212 213 214 215 216 217 220 221 222 223 224 225 226 227 228 229 230 231 232 233 235 237 238 239 240 242 243 249 250 254 255 258 261 263 265 268 269 271 272 273 276 277 278 279 280 283 285 286 287 289 290 291 293 296 298 299 300 301 302 305 306 308 310 313 314 318 319 321 323 325 326 327 328 329 330 331 332 333 334 336 337 340 342 343 344 347 349 351 354 356 360 361 362 363 364 365 366 368 369 370 372 373 376 379 382 383 384 388 389 390 392 394 398 399 403 405 407 408 409 412 413 414 415 416 417 418 419 421 422 423 424 425 426 428 429 430 431 433 434 435 437 438 441 444 446 447 452 454 455 459 460 461 462 463 464 465 466 468 469 473 476 477 478 479 482 486 487 488 489 490 491 494 496 499 500 501 502 506 508 509 510 511 512 515 519 520 521 522 523 525 526 527 529 531 533 539 541 544 545 548 551 553 554 555 556 557 558 560 561 562 564 565 568 572 573 575 577 578 581 582 584 585 591 592 593 594 596 599 600 601 602 603 604 605 609 611 614 615 616 618 619 623 626 630 632 633 635 636 639 640 643 644 647 648 649 650 652 653 654 656 660 665 666 667 668 671 672 675 679 681 683 684 685 686 687 690 691 692 694 695 696 697 698 700 701 702 703 704 705 709 710 711 712 713 717 718 719 722 723 724 725 732 736 737 738 740 743 746 748 750 
#127 19
0 14 52 95 119 126 136 206 222 263 265 301 322 344 379 415 511 566 736 
#128 277
0 5 6 14 17 18 22 24 26 31 33 34 48 50 52 53 54 59 63 67 71 72 74 81 93 95 96 117 118 119 120 121 123 125 126 128 130 132 134 136 138 140 147 148 149 153 157 162 163 167 169 172 173 174 177 178 179 180 182 184 188 189 192 193 196 197 198 200 201 202 203 204 207 208 209 210 211 212 213 215 216 218 219 220 222 228 229 231 234 239 241 245 249 250 251 253 261 273 275 277 279 283 287 289 290 291 295 296 301 302 303 304 307 308 310 317 318 319 320 321 322 323 330 332 334 339 340 341 343 349 353 354 356 357 361 365 368 372 379 380 382 386 389 397 399 403 407 412 413 414 415 417 419 421 422 424 429 430 432 437 442 446 449 450 452 455 458 461 463 466 467 468 472 473 476 480 486 487 488 494 496 498 502 503 504 506 509 510 514 515 521 523 524 526 532 533 534 536 539 541 543 548 549 557 560 561 564 566 570 577 581 584 585 588 592 593 597 600 601 613 621 627 629 630 632 633 635 636 639 640 641 642 643 644 645 646 649 651 652 653 655 656 657 659 667 668 674 679 682 683 684 686 687 690 692 694 695 696 698 701 702 705 706 708 709 712 713 715 718 719 722 724 726 732 738 743 751 
#129 202
0 3 5 11 13 17 26 30 31 34 50 54 59 71 72 73 74 75 77 81 84 85 93 105 108 117 118 121 125 128 132 133 134 136 137 147 148 149 151 152 153 158 162 163 167 172 173 174 177 179 182 184 192 193 197 198 201 204 207 210 212 213 220 228 229 231 239 243 245 249 253 254 261 262 263 273 279 291 296 300 302 308 310 316 319 323 328 330 334 341 343 347 351 356 361 365 366 368 380 382 386 389 392 396 397 398 399 403 411 413 414 416 421 429 430 437 438 442 443 444 446 450 455 459 461 462 466 468 471 473 478 479 496 501 502 506 515 517 519 521 522 526 539 542 547 555 557 560 561 562 569 571 577 585 591 592 593 597 599 600 613 614 619 629 635 642 643 644 645 646 652 653 654 656 657 658 666 668 669 671 672 674 679 683 686 694 695 696 698 701 704 705 709 712 713 718 719 724 725 738 749 750 
#130 2
0 662 
#131 426
0 5 6 8 10 11 13 14 17 18 20 21 24 26 28 29 31 32 33 34 35 36 41 42 47 48 50 52 53 54 59 63 66 67 71 72 73 75 78 81 82 85 90 93 95 98 108 111 114 116 117 118 119 120 121 124 125 126 127 128 131 132 134 135 136 138 141 142 143 144 146 147 148 151 152 153 154 155 157 158 160 161 162 163 166 167 170 172 173 174 175 176 177 179 180 182 184 187 191 192 193 196 200 201 203 206 207 209 210 211 212 213 214 215 216 217 219 220 222 223 224 225 226 227 228 229 230 231 233 234 235 237 238 239 240 242 243 245 249 254 258 261 262 263 264 265 268 269 272 273 274 275 276 277 278 279 280 282 283 286 289 290 291 293 295 296 298 299 300 301 302 304 305 306 308 310 313 314 316 318 319 321 322 323 325 326 327 328 329 330 331 332 334 336 337 338 340 343 344 347 349 350 351 354 356 357 358 361 362 363 365 366 367 368 369 372 373 376 379 382 383 386 389 390 392 395 398 399 400 403 404 405 408 409 412 413 414 415 416 417 418 419 421 422 423 424 425 426 428 429 430 431 434 435 437 438 441 444 446 447 452 454 455 458 459 461 462 463 464 466 468 469 471 473 476 477 478 479 487 489 490 491 495 496 497 498 499 500 501 502 503 504 506 508 509 510 511 512 515 517 519 520 521 522 523 526 529 533 538 539 544 546 548 551 553 554 555 556 557 558 560 561 562 564 565 566 567 568 573 575 577 578 582 584 585 590 591 592 593 596 599 600 601 602 603 604 605 609 611 614 615 618 619 623 626 627 632 635 636 639 640 643 644 647 648 649 650 652 653 654 655 656 659 660 665 666 667 668 670 671 672 674 675 679 680 681 682 683 684 685 686 687 690 692 694 695 696 698 700 701 702 703 704 705 706 709 710 713 717 718 719 723 724 725 731 732 735 736 737 738 740 743 748 750 751 754 
#132 248
0 5 6 14 17 18 21 22 24 26 31 34 48 50 52 53 54 59 63 66 67 71 72 74 78 81 93 117 118 121 123 125 128 130 132 134 136 138 140 147 148 149 153 162 163 167 169 172 173 177 178 179 180 182 184 188 189 192 193 196 197 198 201 202 204 207 208 209 210 211 212 213 215 218 219 220 222 228 229 231 234 239 249 251 253 261 262 270 273 277 279 282 287 289 290 291 296 301 302 303 304 307 308 310 317 318 319 320 321 322 323 326 330 332 334 338 339 341 343 353 356 361 365 367 368 372 376 380 389 397 399 403 404 407 412 413 414 415 419 421 424 425 429 430 432 437 442 446 449 450 452 455 458 461 463 466 467 468 472 473 480 487 489 494 495 496 498 502 503 506 510 514 515 521 523 524 526 532 533 534 536 539 541 543 549 557 560 561 567 570 577 581 585 588 590 592 593 596 597 600 613 621 627 629 632 633 635 636 639 641 642 643 644 645 646 649 651 652 653 655 656 657 667 668 674 679 683 684 686 694 695 696 698 701 705 708 709 712 713 715 718 719 722 724 726 732 738 751 
#133 171
0 1 5 6 13 26 29 31 34 35 41 50 67 71 72 73 81 85 93 108 118 121 125 128 132 134 135 144 148 153 158 162 167 172 175 177 179 182 184 187 192 197 201 204 205 207 212 213 216 217 220 225 228 229 231 239 254 261 273 277 279 291 293 296 302 306 308 310 319 327 330 334 336 337 340 343 347 351 356 361 365 368 373 380 390 399 402 409 413 414 419 421 424 430 434 437 443 444 445 446 455 461 462 466 473 476 478 481 487 492 499 500 501 502 505 506 515 520 521 522 523 526 554 555 557 560 561 562 571 575 578 585 588 600 614 619 622 624 635 636 639 644 652 653 654 657 666 668 671 672 679 683 686 687 694 695 696 698 701 705 709 710 713 717 718 719 724 725 732 740 749 
#134 16
0 1 205 216 293 340 402 445 476 481 492 505 520 622 624 710 
#135 143
0 5 6 17 26 31 34 50 54 59 67 71 72 73 81 93 108 118 121 125 132 134 148 152 153 158 162 163 167 172 177 179 182 184 192 193 197 201 207 210 211 212 213 220 228 229 231 239 243 261 273 277 279 290 291 296 302 308 310 319 323 330 334 343 347 356 361 365 366 368 380 389 397 398 399 413 414 416 421 429 430 437 438 442 444 446 450 455 461 462 466 468 473 478 487 496 500 501 502 506 515 521 523 526 539 553 557 562 575 585 593 597 600 613 619 635 636 642 643 646 652 653 654 657 666 671 679 683 686 694 695 696 698 701 705 709 713 718 719 724 732 749 750 
#136 116
0 5 26 31 34 54 59 67 71 72 73 74 81 85 93 118 125 128 132 134 148 153 158 162 163 166 167 172 175 177 179 182 201 204 210 211 212 220 229 231 239 277 279 290 291 296 306 308 310 319 323 334 347 351 356 361 368 389 397 399 413 414 416 424 429 430 437 442 444 446 455 461 462 468 478 496 502 506 510 515 521 526 539 553 557 561 562 597 600 613 614 619 632 635 636 643 644 646 649 652 657 668 679 683 686 695 696 698 701 705 709 713 719 724 740 750 
