#1 756 0 0.05000 0 	 0 0 54 246 5
#2 756 0 0.03000 0 	 0 0 31 59 3
#3 756 0 0.00000 0 	 0 0 49 48 2
#4 756 0 0.06000 0 	 0 0 129 440 4
#5 756 0 0.05000 0 	 0 0 130 407 4
#6 756 0 0.03000 0 	 0 0 54 129 3
#7 756 0 0.04000 0 	 0 0 364 848 3
#8 756 0 0.04000 0 	 0 0 367 853 3
#9 756 0 0.03000 0 	 0 0 10 17 3
#10 756 0 0.00000 0 	 0 0 50 49 2
#11 756 0 0.00000 0 	 0 0 18 17 2
#12 756 0 0.05000 0 	 0 0 107 218 3
#13 756 0 0.03000 0 	 0 0 20 70 5
#14 756 0 0.05000 0 	 0 0 252 679 3
#15 756 0 0.03000 0 	 0 0 19 34 3
#16 756 0 0.00000 0 	 0 0 34 33 2
#17 756 0 0.04000 0 	 0 0 198 391 3
#18 756 0 0.04000 0 	 0 0 158 382 3
#19 756 0 0.06000 0 	 0 0 96 391 5
#20 756 0 0.05000 0 	 0 0 367 831 3
#21 756 0 0.05000 0 	 0 0 201 690 3
#22 756 0 0.04000 0 	 0 0 19 35 3
#23 756 0 0.00000 0 	 0 0 19 18 2
#24 756 0 0.09000 0 	 0 0 370 926 3
#25 756 0 0.08000 0 	 0 0 384 965 3
#26 756 0 0.05000 0 	 0 0 59 115 3
#27 756 0 0.06000 0 	 0 0 286 574 3
#28 756 0 0.00000 0 	 0 0 9 8 2
#29 756 0 0.00000 0 	 0 0 73 72 2
#30 756 0 0.04000 0 	 0 0 72 270 4
#31 756 0 0.04000 0 	 0 0 114 336 4
#32 756 0 0.06000 0 	 0 0 245 654 3
#33 756 0 0.01000 0 	 0 0 104 103 2
#34 756 0 0.01000 0 	 0 0 137 136 2
#35 756 0 0.07000 0 	 0 0 112 395 4
#36 756 0 0.04000 0 	 0 0 119 235 3
#37 756 0 0.00000 0 	 0 0 126 125 2
#38 756 0 0.04000 0 	 0 0 171 345 3
#39 756 0 0.03000 0 	 0 0 163 409 3
#40 756 0 0.03000 0 	 0 0 308 651 3
#41 756 0 0.00000 0 	 0 0 114 113 2
#42 756 0 0.04000 0 	 0 0 91 267 4
#43 756 0 0.03000 0 	 0 0 151 369 3
#44 756 0 0.00000 0 	 0 0 107 106 2
#45 756 0 0.00000 0 	 0 0 85 84 2
#46 756 0 0.02000 0 	 0 0 86 169 3
#47 756 0 0.04000 0 	 0 0 181 605 4
#48 756 0 0.00000 0 	 0 0 17 16 2
#49 756 0 0.03000 0 	 0 0 172 555 3
#50 756 0 0.02000 0 	 0 0 118 233 3
#51 756 0 0.03000 0 	 0 0 216 736 3
#52 756 0 0.01000 0 	 0 0 57 56 2
#53 756 0 0.00000 0 	 0 0 73 72 2
#54 756 0 0.00000 0 	 0 0 45 44 2
#55 756 0 0.00000 0 	 0 0 134 133 2
#56 756 0 0.03000 0 	 0 0 156 400 3
#57 756 0 0.00000 0 	 0 0 125 124 2
#58 756 0 0.03000 0 	 0 0 195 615 3
#59 756 0 0.00000 0 	 0 0 111 110 2
#60 756 0 0.01000 0 	 0 0 140 139 2
#61 756 0 0.00000 0 	 0 0 112 111 2
#62 756 0 0.02000 0 	 0 0 118 233 3
#63 756 0 0.03000 0 	 0 0 98 200 3
#64 756 0 0.04000 0 	 0 0 216 642 4
#65 756 0 0.00000 0 	 0 0 66 65 2
#66 756 0 0.00000 0 	 0 0 44 43 2
#67 756 0 0.05000 0 	 0 0 336 886 3
#68 756 0 0.00000 0 	 0 0 3 2 2
#69 756 0 0.00000 0 	 0 0 95 94 2
#70 756 0 0.03000 0 	 0 0 54 105 3
#71 756 0 0.03000 0 	 0 0 188 372 3
#72 756 0 0.02000 0 	 0 0 8 18 4
#73 756 0 0.00000 0 	 0 0 13 12 2
#74 756 0 0.00000 0 	 0 0 30 29 2
#75 756 0 0.00000 0 	 0 0 35 34 2
#76 756 0 0.00000 0 	 0 0 4 3 2
#77 756 0 0.04000 0 	 0 0 153 408 3
#78 756 0 0.00000 0 	 0 0 18 17 2
#79 756 0 0.04000 0 	 0 0 224 677 4
#80 756 0 0.05000 0 	 0 0 252 1089 4
#81 756 0 0.00000 0 	 0 0 28 27 2
#82 756 0 0.00000 0 	 0 0 7 6 2
#83 756 0 0.05000 0 	 0 0 390 891 3
#84 756 0 0.06000 0 	 0 0 384 852 3
#85 756 0 0.05000 0 	 0 0 252 506 3
#86 756 0 0.03000 0 	 0 0 43 83 3
#87 756 0 0.06000 0 	 0 0 309 964 3
#88 756 0 0.06000 0 	 0 0 471 1167 3
#89 756 0 0.07000 0 	 0 0 390 1086 3
#90 756 0 0.05000 0 	 0 0 272 659 3
#91 756 0 0.06000 0 	 0 0 404 1260 3
#92 756 0 0.06000 0 	 0 0 257 768 4
#93 756 0 0.08000 0 	 0 0 173 437 3
#94 756 0 0.06000 0 	 0 0 102 331 4
#95 756 0 0.04000 0 	 0 0 83 163 3
#96 756 0 0.06000 0 	 0 0 345 920 3
#97 756 0 0.03000 0 	 0 0 128 255 3
#98 756 0 0.01000 0 	 0 0 89 88 2
#99 756 0 0.00000 0 	 0 0 75 74 2
#100 756 0 0.04000 0 	 0 0 201 497 3
#101 756 0 0.03000 0 	 0 0 51 99 3
#102 756 0 0.03000 0 	 0 0 166 345 3
#103 756 0 0.03000 0 	 0 0 74 145 3
#104 756 0 0.03000 0 	 0 0 76 149 3
#105 756 0 0.04000 0 	 0 0 132 285 3
#106 756 0 0.03000 0 	 0 0 76 149 3
#107 756 0 0.00000 0 	 0 0 80 79 2
#108 756 0 0.04000 0 	 0 0 113 231 3
#109 756 0 0.04000 0 	 0 0 316 893 3
#110 756 0 0.00000 0 	 0 0 67 66 2
#111 756 0 0.00000 0 	 0 0 22 21 2
#112 756 0 0.03000 0 	 0 0 250 502 3
#113 756 0 0.08000 0 	 0 0 414 1005 3
#114 756 0 0.00000 0 	 0 0 21 20 2
#115 756 0 0.00000 0 	 0 0 10 9 2
#116 756 0 0.07000 0 	 0 0 413 945 3
#117 756 0 0.04000 0 	 0 0 16 28 3
#118 756 0 0.07000 0 	 0 0 405 1349 3
#119 756 0 0.07000 0 	 0 0 448 1170 3
#120 756 0 0.05000 0 	 0 0 418 1012 3
#121 756 0 0.00000 0 	 0 0 40 39 2
#122 756 0 0.03000 0 	 0 0 146 299 3
#123 756 0 0.04000 0 	 0 0 102 301 4
#124 756 0 0.03000 0 	 0 0 55 107 3
#125 756 0 0.04000 0 	 0 0 251 515 3
#126 756 0 0.05000 0 	 0 0 423 962 3
#127 756 0 0.04000 0 	 0 0 19 66 5
#128 756 0 0.03000 0 	 0 0 277 563 3
#129 756 0 0.03000 0 	 0 0 202 404 3
#130 756 0 0.00000 0 	 0 0 2 1 2
#131 756 0 0.05000 0 	 0 0 426 1004 3
#132 756 0 0.03000 0 	 0 0 248 507 3
#133 756 0 0.04000 0 	 0 0 171 516 4
#134 756 0 0.00000 0 	 0 0 16 15 2
#135 756 0 0.00000 0 	 0 0 143 142 2
#136 756 0 0.03000 0 	 0 0 116 229 3
