18
#1 23
0 51 78 82 92 111 123 163 171 172 178 207 255 299 305 358 368 372 406 426 428 494 506 
#2 17
0 9 10 53 100 112 115 191 230 247 374 382 431 473 507 517 531 
#3 24
0 12 19 43 59 65 89 109 111 144 153 200 218 242 245 302 324 398 409 419 441 445 506 516 
#4 26
0 11 12 19 43 65 89 109 111 144 153 163 171 200 218 242 245 302 324 368 409 419 506 511 516 530 
#5 28
0 12 59 65 109 144 163 171 172 176 192 200 238 252 260 270 289 309 324 365 398 426 428 441 448 516 536 538 
#6 111
0 11 12 19 20 30 42 43 44 51 59 65 66 76 78 80 81 82 87 97 105 109 111 118 126 128 129 141 143 144 145 153 161 163 171 172 176 178 180 184 188 192 200 202 206 216 218 221 223 237 238 242 248 251 252 255 257 259 260 263 265 268 270 271 285 289 302 304 309 312 318 323 324 328 333 358 363 365 368 372 381 392 398 399 400 409 410 419 426 428 432 441 448 451 454 466 470 479 481 486 487 494 498 511 516 525 530 534 536 538 539 
#7 26
0 28 39 83 138 146 179 183 205 243 269 276 325 327 342 367 404 405 412 416 461 467 478 486 525 543 
#8 6
0 183 205 367 412 416 
#9 15
0 73 151 160 286 326 361 378 394 401 438 468 492 515 519 
#10 4
0 188 257 289 
#11 5
0 57 150 258 273 
#12 68
0 1 11 12 19 28 31 39 43 65 81 83 88 89 99 105 109 111 134 138 144 146 153 163 168 171 190 192 200 212 218 223 229 242 243 245 252 260 261 265 269 276 280 302 324 325 327 342 350 354 356 365 368 396 404 405 409 419 434 486 498 506 511 516 525 530 536 543 
#13 29
0 22 63 96 98 104 130 134 150 151 184 189 212 246 248 258 287 292 371 389 391 393 397 411 446 458 463 472 495 
#14 19
0 27 46 70 104 151 179 184 210 248 258 287 332 343 393 404 461 463 509 
#15 11
0 41 64 154 315 334 344 359 377 501 532 
#16 24
0 5 18 62 85 157 166 175 182 196 203 273 278 281 283 290 296 308 321 383 403 435 475 489 
#17 24
0 59 86 110 113 114 159 177 193 226 228 242 305 343 347 376 415 440 456 465 476 516 518 547 
#18 28
0 63 85 86 109 134 156 159 177 193 212 226 229 242 245 248 347 393 397 411 415 440 456 459 484 495 518 547 
