#1 548 0 0.02000 0 	 0 0 23 63 4
#2 548 0 0.01000 0 	 0 0 17 32 3
#3 548 0 0.00000 0 	 0 0 24 23 2
#4 548 0 0.01000 0 	 0 0 26 64 3
#5 548 0 0.01000 0 	 0 0 28 55 3
#6 548 0 0.01000 0 	 0 0 111 219 3
#7 548 0 0.01000 0 	 0 0 26 48 3
#8 548 0 0.01000 0 	 0 0 6 9 3
#9 548 0 0.00000 0 	 0 0 15 27 3
#10 548 0 0.00000 0 	 0 0 4 3 2
#11 548 0 0.00000 0 	 0 0 5 4 2
#12 548 0 0.01000 0 	 0 0 68 131 3
#13 548 0 0.02000 0 	 0 0 29 60 3
#14 548 0 0.00000 0 	 0 0 19 35 3
#15 548 0 0.01000 0 	 0 0 11 19 3
#16 548 0 0.00000 0 	 0 0 24 23 2
#17 548 0 0.01000 0 	 0 0 24 45 3
#18 548 0 0.01000 0 	 0 0 28 56 3
