76
#1 86
0 4 5 12 15 18 20 22 25 27 28 29 31 40 41 45 46 48 49 52 54 56 58 62 63 66 68 71 73 77 82 84 85 86 88 90 92 93 98 106 110 114 115 117 119 125 127 129 133 137 138 141 146 147 150 151 154 157 160 161 165 166 167 168 169 171 174 177 178 179 180 181 190 191 192 196 198 199 208 211 214 215 216 218 221 222 
#2 70
0 4 15 20 22 25 27 28 29 31 40 41 45 46 49 52 54 58 62 63 66 73 77 82 84 85 86 90 92 93 106 110 114 115 119 127 129 133 136 137 138 141 147 151 154 157 160 161 165 166 167 168 169 171 178 179 180 181 190 191 192 196 198 199 208 214 216 218 221 222 
#3 16
0 27 66 70 74 84 86 105 109 119 125 168 191 208 218 224 
#4 103
0 4 5 6 12 15 18 20 22 25 27 28 29 38 40 41 45 46 48 49 51 52 54 56 58 62 63 66 70 71 73 74 77 82 84 85 86 90 91 92 93 98 103 105 106 110 112 114 115 117 119 121 124 125 127 129 133 136 137 138 141 146 147 148 149 150 151 154 157 158 160 161 164 165 167 168 169 171 174 177 178 179 180 181 186 191 192 193 196 198 199 208 211 212 214 215 216 218 220 221 222 225 227 
#5 74
0 7 12 15 18 19 22 25 27 29 31 38 40 41 45 49 50 54 61 62 64 66 67 68 71 77 82 87 90 92 93 100 104 114 115 117 119 125 126 128 129 136 137 144 145 146 151 154 156 158 160 161 164 167 168 169 171 173 174 177 178 179 181 187 196 198 202 203 208 210 211 214 216 222 
#6 30
0 4 5 18 52 54 58 62 73 82 85 110 119 133 137 138 147 148 154 157 160 165 169 179 180 190 191 192 214 221 
#7 31
0 11 13 18 24 29 43 45 54 59 72 82 83 100 104 109 120 127 135 147 156 157 158 167 176 183 185 193 215 218 223 
#8 75
0 5 9 12 15 18 21 22 25 27 29 31 33 34 40 41 42 45 48 49 51 54 56 66 68 71 72 73 78 80 82 86 93 98 105 106 111 114 115 119 129 137 138 140 146 149 151 158 159 160 161 162 163 167 168 170 171 172 174 175 177 178 179 198 199 206 208 209 211 212 214 216 218 221 225 
#9 81
0 5 6 7 13 15 20 25 27 29 31 35 41 45 46 50 54 56 58 62 63 64 66 68 70 71 75 77 82 83 85 92 93 98 99 104 106 109 117 119 120 128 129 137 138 141 146 147 151 154 157 158 160 161 167 168 171 173 174 175 176 178 179 181 183 185 191 192 193 196 200 202 203 208 210 211 212 215 218 220 221 
#10 17
0 9 21 33 34 42 73 78 111 123 140 159 163 170 172 206 209 
#11 33
0 5 15 22 27 29 54 56 66 82 85 86 92 93 110 114 119 129 137 151 160 161 167 168 179 181 198 199 208 214 216 218 221 
#12 91
0 5 7 12 14 15 18 19 22 25 27 29 31 40 41 43 45 46 49 51 54 56 59 62 66 67 68 71 72 75 77 79 82 85 86 88 90 92 93 100 104 110 114 115 117 119 125 127 129 135 137 145 146 150 151 152 154 156 158 160 161 164 167 168 169 171 174 177 178 179 181 182 196 198 199 200 202 203 208 210 211 212 213 214 216 218 220 221 222 223 226 
#13 61
0 2 5 12 21 22 25 27 29 40 41 45 46 49 51 54 56 61 66 68 70 71 73 74 77 80 82 87 93 105 109 110 114 115 119 125 129 137 138 146 151 157 158 164 167 174 178 179 181 182 185 191 196 197 200 208 214 216 218 221 222 
#14 46
0 4 5 15 18 20 27 28 29 31 45 46 52 54 56 58 63 66 82 85 86 110 114 116 129 136 137 138 147 148 150 151 157 160 161 169 171 179 180 190 191 192 208 211 214 216 
#15 18
0 2 21 51 61 84 86 87 109 158 162 164 168 182 187 195 218 223 
#16 12
0 58 62 73 85 94 110 133 138 147 179 192 
#17 78
0 7 9 12 15 18 21 22 25 27 29 40 42 49 51 56 66 67 69 71 73 75 76 78 79 82 86 90 91 92 98 105 111 112 113 114 117 119 121 123 129 131 136 140 147 149 151 154 159 160 161 162 163 167 168 169 170 171 172 174 177 178 186 196 197 198 199 206 208 209 213 214 216 218 221 222 225 227 
#18 58
0 4 5 11 13 18 20 24 28 32 41 46 49 52 54 58 62 63 69 73 75 82 85 94 98 99 106 110 116 119 133 136 137 138 141 147 148 150 154 157 160 165 166 169 179 180 184 186 190 191 192 196 199 211 214 215 216 221 
#19 79
0 4 5 12 14 18 20 24 25 28 40 41 45 46 48 51 52 54 56 58 62 63 66 68 69 70 71 73 75 77 82 84 85 92 98 105 110 114 119 127 131 133 137 138 139 141 146 147 148 149 151 154 157 165 167 168 171 172 178 179 180 181 191 192 193 196 197 199 208 211 212 213 214 215 216 218 221 222 225 
#20 16
0 21 42 68 78 89 103 113 134 151 172 194 197 206 210 218 
#21 39
0 2 7 11 13 19 24 25 29 50 51 57 59 64 72 76 80 86 92 106 109 128 129 143 151 154 158 173 176 185 193 195 197 200 202 210 212 218 223 
#22 36
0 15 18 22 25 27 29 31 45 54 68 71 77 82 85 90 115 119 129 137 146 151 154 160 167 168 169 171 178 181 196 198 208 214 216 221 
#23 35
0 15 22 25 27 29 31 45 49 54 66 68 77 82 85 90 92 115 119 129 137 146 154 160 167 168 169 178 196 198 208 214 216 221 222 
#24 54
0 6 7 11 12 13 14 22 29 40 41 50 54 56 58 59 67 68 69 75 82 98 99 103 104 114 117 119 124 127 128 129 134 135 143 149 154 173 174 184 185 189 194 196 197 199 202 210 211 212 213 217 218 223 
#25 78
0 6 7 9 11 15 19 20 21 22 25 27 29 31 33 34 35 42 45 46 49 50 51 52 57 66 71 73 77 78 85 86 90 93 106 110 111 112 115 123 124 127 129 133 137 138 140 142 143 151 154 157 159 160 163 164 167 168 169 170 171 172 173 174 178 179 181 192 196 200 202 206 208 209 210 214 216 222 
#26 10
0 2 51 61 80 109 158 185 200 218 
#27 43
0 2 14 21 22 25 29 41 49 52 54 56 58 61 62 67 69 71 75 87 93 98 99 109 114 115 117 119 127 141 146 147 149 154 158 164 174 182 189 196 211 215 218 
#28 48
0 5 12 18 25 27 29 31 40 45 49 54 56 66 68 71 77 82 85 86 90 92 110 115 119 129 137 146 151 154 160 161 167 168 169 171 174 177 178 179 181 196 198 208 214 216 221 222 
#29 31
0 22 25 27 29 31 45 56 68 82 85 86 90 92 93 110 114 129 137 154 160 161 167 174 177 179 198 199 218 221 222 
#30 89
0 5 7 12 14 15 18 19 22 25 27 29 31 40 41 45 46 49 51 54 56 62 66 67 68 71 75 77 79 82 83 85 88 90 92 93 100 104 109 110 114 115 117 119 120 125 127 129 135 137 145 146 147 150 151 154 156 157 158 160 161 167 168 169 171 174 176 177 178 179 181 182 183 185 193 196 198 199 200 203 208 211 213 214 216 218 220 221 222 
#31 44
0 2 21 32 37 39 51 58 60 61 62 73 80 85 87 91 94 103 109 110 116 121 133 138 147 150 151 152 153 158 162 173 179 181 182 185 186 192 197 200 207 216 218 227 
#32 16
0 4 20 52 58 63 85 110 116 147 148 166 171 179 190 192 
#33 39
0 15 22 25 27 29 40 45 49 54 66 77 82 85 86 90 92 110 115 119 129 137 151 154 160 161 167 168 169 171 178 179 181 196 198 214 216 221 222 
#34 37
0 5 18 45 46 54 62 66 71 73 77 84 85 92 110 119 137 138 146 147 151 154 157 167 168 171 178 179 181 191 192 196 208 214 216 221 222 
#35 115
0 2 5 9 12 18 21 22 25 26 27 29 31 40 45 46 49 51 54 56 58 59 61 62 66 68 69 70 71 73 74 75 77 79 80 81 82 84 85 86 87 88 89 90 92 93 96 98 103 105 106 109 110 111 113 114 115 117 118 119 123 125 127 129 131 133 134 136 137 138 139 146 150 151 154 158 160 161 162 164 165 166 167 168 169 170 171 172 174 177 178 179 180 182 185 188 195 196 197 198 199 200 201 204 208 209 211 213 214 216 218 221 222 224 225 
#36 19
0 3 16 44 47 53 68 79 81 82 95 118 130 150 155 201 204 218 219 
#37 19
0 9 21 33 34 42 51 78 111 123 131 140 159 163 170 172 206 209 218 
#38 10
0 21 33 42 78 111 163 170 172 209 
#39 10
0 3 16 44 47 53 95 108 155 219 
#40 9
0 10 16 44 53 95 101 130 155 
#41 30
0 5 22 25 29 31 49 73 74 84 85 86 93 105 115 119 125 129 161 167 168 169 178 191 208 214 216 218 221 222 
#42 17
0 2 21 51 61 80 87 103 109 134 158 161 164 167 182 197 218 
#43 107
0 4 5 7 12 14 15 18 19 20 22 24 25 27 29 31 40 41 45 46 49 52 54 56 58 62 63 66 68 69 70 71 72 75 76 77 82 84 85 86 88 90 92 96 98 100 106 109 110 112 114 115 127 129 133 135 136 137 138 141 142 144 145 146 147 148 150 151 154 156 157 158 160 161 165 166 167 169 171 174 177 178 179 180 181 182 190 191 192 196 197 198 199 202 203 208 210 213 214 215 216 218 220 221 222 224 225 
#44 35
0 15 22 25 27 29 31 45 49 54 66 68 77 82 85 90 92 115 119 129 137 146 154 160 167 168 169 178 196 198 208 214 216 221 222 
#45 51
0 5 12 15 18 22 25 27 29 31 40 45 49 54 56 66 68 71 77 82 85 86 90 92 110 114 115 119 129 137 146 151 154 160 161 167 168 169 171 174 177 178 179 181 196 198 208 214 216 221 222 
#46 22
0 22 25 27 29 86 93 110 115 129 154 160 167 168 171 174 179 181 196 208 216 222 
#47 39
0 15 18 19 22 25 29 31 45 48 54 66 68 77 82 85 88 90 115 119 129 137 138 142 146 150 151 156 160 167 171 178 181 196 208 214 216 218 221 
#48 23
0 12 14 31 49 56 69 71 92 98 99 110 114 119 127 146 149 161 168 174 196 198 225 
#49 83
0 4 5 12 15 18 20 22 25 27 28 29 31 40 41 45 46 49 52 54 56 58 62 63 66 68 70 71 73 74 77 82 84 85 86 90 92 93 94 105 106 110 114 115 119 125 129 133 136 137 138 146 147 148 151 154 157 158 160 164 165 167 168 169 171 174 175 178 179 180 181 190 191 192 196 198 208 214 215 216 218 221 222 
#50 70
0 4 5 18 20 25 28 40 41 45 46 48 49 52 54 56 58 62 63 66 70 71 73 77 79 82 84 85 88 92 93 98 105 110 114 119 127 133 137 138 141 146 147 148 151 154 157 165 167 168 171 174 177 178 179 180 181 191 192 196 208 211 212 214 215 216 218 221 222 225 
#51 45
0 5 12 15 22 25 27 29 31 40 45 49 54 56 66 68 71 77 82 90 92 110 115 119 129 137 146 151 160 161 167 168 171 174 177 178 179 181 196 198 208 214 216 221 222 
#52 32
0 6 7 12 13 15 25 27 29 41 49 56 82 104 106 114 115 117 129 135 137 143 154 161 171 173 178 185 196 202 210 212 
#53 30
0 22 25 29 31 45 49 66 68 77 82 85 90 110 115 119 129 146 151 154 160 167 171 178 179 181 208 214 216 222 
#54 43
0 4 5 18 20 28 41 46 49 52 54 58 62 63 73 82 85 98 110 119 133 137 138 141 147 148 154 157 160 165 166 169 179 180 190 191 192 196 199 211 214 216 221 
#55 23
0 22 29 31 41 49 66 82 86 92 106 114 119 129 151 154 160 161 167 198 208 214 221 
#56 67
0 6 22 25 27 29 40 45 46 48 49 51 54 56 57 58 62 66 68 69 70 71 74 77 84 85 86 88 90 92 93 98 99 105 109 112 119 125 127 129 136 141 142 143 147 150 151 154 157 161 164 165 166 168 169 171 191 196 198 199 203 208 210 211 214 218 224 
#57 46
0 5 12 18 22 25 29 31 40 45 49 54 56 66 68 71 77 82 85 86 90 92 110 114 115 119 129 146 151 154 160 161 167 168 169 171 174 177 178 179 196 198 208 214 216 222 
#58 22
0 20 49 52 58 62 66 84 85 110 133 151 165 166 171 179 181 190 192 199 214 216 
#59 16
0 15 20 27 63 86 92 106 114 129 154 158 160 164 175 198 
#60 27
0 14 41 54 58 62 67 69 71 75 93 98 99 114 117 119 127 141 146 147 149 154 174 189 196 211 215 
#61 28
0 25 27 29 49 56 71 82 85 86 110 114 129 151 160 161 169 171 174 177 179 198 199 208 214 216 218 221 
#62 86
0 2 5 6 7 12 14 15 18 20 22 23 25 27 29 31 41 42 45 46 49 52 54 56 57 63 70 71 72 76 77 82 84 85 86 88 89 90 92 104 106 109 110 112 114 115 123 129 136 137 138 142 146 147 148 150 151 154 157 160 161 164 167 169 171 174 177 178 179 180 181 191 192 196 198 199 200 210 212 214 215 216 220 221 222 225 
#63 33
0 5 18 25 29 31 45 54 66 68 71 82 85 92 110 119 129 146 151 154 160 167 168 169 171 178 179 198 208 214 216 221 222 
#64 49
0 4 20 22 25 46 48 52 58 63 66 77 82 84 85 90 110 114 116 119 127 129 136 137 141 146 147 148 151 154 157 160 166 168 169 171 179 181 190 191 192 196 208 211 214 215 216 221 222 
#65 29
0 5 18 22 27 46 49 62 66 73 77 82 84 86 110 119 137 138 147 151 157 168 179 180 191 208 214 216 221 
#66 33
0 5 15 22 27 29 54 56 66 82 85 86 92 93 110 114 119 129 137 151 160 161 167 168 179 181 198 199 208 214 216 218 221 
#67 82
0 6 7 12 15 18 19 20 22 25 27 29 31 35 45 46 49 54 56 57 64 68 71 72 74 76 77 79 82 84 86 90 92 93 105 106 109 110 112 114 115 124 125 128 129 136 137 142 146 150 154 157 158 160 161 164 167 169 171 174 177 178 180 181 182 185 196 198 199 202 208 210 211 213 214 215 216 220 221 222 224 225 
#68 14
0 6 7 11 13 35 50 57 106 124 173 185 202 210 
#69 21
0 2 7 12 24 51 56 61 75 103 109 114 158 182 185 197 199 200 213 218 225 
#70 44
0 12 27 29 31 40 45 48 49 54 56 62 66 71 73 82 86 88 90 92 93 98 114 119 129 142 150 151 161 165 166 167 168 171 174 177 178 181 198 199 208 211 214 225 
#71 37
0 6 7 11 13 15 19 25 29 31 45 50 57 66 76 104 106 109 117 124 128 129 135 137 143 154 158 173 179 185 200 202 203 208 210 212 221 
#72 88
0 2 6 7 13 15 18 19 20 22 25 27 29 31 45 50 56 57 66 68 71 72 73 74 84 85 86 92 93 98 103 104 105 106 110 114 115 117 119 124 129 134 135 136 137 142 143 146 150 151 154 158 160 161 164 167 168 169 171 173 174 175 177 178 179 180 181 185 189 194 197 198 199 200 202 203 208 210 211 212 214 216 218 220 221 222 224 225 
#73 36
0 12 15 27 29 40 41 54 56 58 62 71 77 82 86 92 93 98 114 129 137 141 154 157 160 161 167 171 174 177 192 198 199 211 214 225 
#74 7
0 68 103 134 194 197 218 
#75 6
0 11 13 124 158 217 
#76 31
0 5 15 18 20 27 29 52 58 62 63 66 73 82 84 119 137 138 147 148 151 157 161 171 179 180 192 208 214 216 221 
