#1 228 0 0.02000 0 	 0 0 86 215 3
#2 228 0 0.02000 0 	 0 0 70 153 3
#3 228 0 0.00000 0 	 0 0 16 15 2
#4 228 0 0.01000 0 	 0 0 103 226 3
#5 228 0 0.02000 0 	 0 0 74 153 3
#6 228 0 0.01000 0 	 0 0 30 57 3
#7 228 0 0.00000 0 	 0 0 31 60 3
#8 228 0 0.01000 0 	 0 0 75 147 3
#9 228 0 0.01000 0 	 0 0 81 160 3
#10 228 0 0.00000 0 	 0 0 17 16 2
#11 228 0 0.00000 0 	 0 0 33 32 2
#12 228 0 0.01000 0 	 0 0 91 192 3
#13 228 0 0.01000 0 	 0 0 61 130 3
#14 228 0 0.01000 0 	 0 0 46 94 3
#15 228 0 0.00000 0 	 0 0 18 35 3
#16 228 0 0.00000 0 	 0 0 12 11 2
#17 228 0 0.01000 0 	 0 0 78 153 3
#18 228 0 0.01000 0 	 0 0 58 111 3
#19 228 0 0.01000 0 	 0 0 79 157 3
#20 228 0 0.00000 0 	 0 0 16 29 3
#21 228 0 0.00000 0 	 0 0 39 78 3
#22 228 0 0.01000 0 	 0 0 36 69 3
#23 228 0 0.00000 0 	 0 0 35 34 2
#24 228 0 0.01000 0 	 0 0 54 105 3
#25 228 0 0.01000 0 	 0 0 78 156 3
#26 228 0 0.00000 0 	 0 0 10 17 3
#27 228 0 0.02000 0 	 0 0 43 90 3
#28 228 0 0.00000 0 	 0 0 48 47 2
#29 228 0 0.00000 0 	 0 0 31 30 2
#30 228 0 0.01000 0 	 0 0 89 177 3
#31 228 0 0.01000 0 	 0 0 44 85 3
#32 228 0 0.00000 0 	 0 0 16 42 4
#33 228 0 0.00000 0 	 0 0 39 38 2
#34 228 0 0.01000 0 	 0 0 37 36 2
#35 228 0 0.01000 0 	 0 0 115 263 3
#36 228 0 0.00000 0 	 0 0 19 35 3
#37 228 0 0.01000 0 	 0 0 19 18 2
#38 228 0 0.00000 0 	 0 0 10 17 3
#39 228 0 0.00000 0 	 0 0 10 17 3
#40 228 0 0.00000 0 	 0 0 9 8 2
#41 228 0 0.00000 0 	 0 0 30 29 2
#42 228 0 0.01000 0 	 0 0 17 46 4
#43 228 0 0.01000 0 	 0 0 107 244 3
#44 228 0 0.00000 0 	 0 0 35 34 2
#45 228 0 0.01000 0 	 0 0 51 50 2
#46 228 0 0.00000 0 	 0 0 22 41 3
#47 228 0 0.01000 0 	 0 0 39 113 4
#48 228 0 0.00000 0 	 0 0 23 22 2
#49 228 0 0.01000 0 	 0 0 83 190 3
#50 228 0 0.01000 0 	 0 0 70 140 3
#51 228 0 0.00000 0 	 0 0 45 87 3
#52 228 0 0.00000 0 	 0 0 32 31 2
#53 228 0 0.01000 0 	 0 0 30 29 2
#54 228 0 0.00000 0 	 0 0 43 42 2
#55 228 0 0.00000 0 	 0 0 23 22 2
#56 228 0 0.01000 0 	 0 0 67 142 3
#57 228 0 0.00000 0 	 0 0 46 45 2
#58 228 0 0.00000 0 	 0 0 22 41 3
#59 228 0 0.00000 0 	 0 0 16 15 2
#60 228 0 0.00000 0 	 0 0 27 26 2
#61 228 0 0.00000 0 	 0 0 28 27 2
#62 228 0 0.01000 0 	 0 0 86 171 3
#63 228 0 0.01000 0 	 0 0 33 63 3
#64 228 0 0.00000 0 	 0 0 49 100 3
#65 228 0 0.00000 0 	 0 0 29 28 2
#66 228 0 0.00000 0 	 0 0 33 32 2
#67 228 0 0.01000 0 	 0 0 82 165 3
#68 228 0 0.00000 0 	 0 0 14 13 2
#69 228 0 0.00000 0 	 0 0 21 20 2
#70 228 0 0.01000 0 	 0 0 44 89 3
#71 228 0 0.01000 0 	 0 0 37 83 3
#72 228 0 0.01000 0 	 0 0 88 179 3
#73 228 0 0.00000 0 	 0 0 36 35 2
#74 228 0 0.00000 0 	 0 0 7 6 2
#75 228 0 0.00000 0 	 0 0 6 5 2
#76 228 0 0.00000 0 	 0 0 31 30 2
