#1 160 0 0.00000 0 	 0 0 29 81 4
#2 160 0 0.01000 0 	 0 0 44 103 3
#3 160 0 0.00000 0 	 0 0 28 27 2
#4 160 0 0.01000 0 	 0 0 25 69 4
#5 160 0 0.01000 0 	 0 0 28 58 3
#6 160 0 0.01000 0 	 0 0 45 101 3
#7 160 0 0.00000 0 	 0 0 20 37 3
#8 160 0 0.00000 0 	 0 0 60 59 2
#9 160 0 0.01000 0 	 0 0 52 103 3
#10 160 0 0.00000 0 	 0 0 36 35 2
#11 160 0 0.00000 0 	 0 0 18 17 2
#12 160 0 0.01000 0 	 0 0 20 54 4
#13 160 0 0.00000 0 	 0 0 25 79 3
#14 160 0 0.01000 0 	 0 0 20 37 3
#15 160 0 0.00000 0 	 0 0 12 21 3
#16 160 0 0.00000 0 	 0 0 27 26 2
#17 160 0 0.00000 0 	 0 0 20 45 3
#18 160 0 0.01000 0 	 0 0 13 33 4
#19 160 0 0.00000 0 	 0 0 32 80 3
#20 160 0 0.01000 0 	 0 0 19 18 2
#21 160 0 0.00000 0 	 0 0 14 13 2
#22 160 0 0.00000 0 	 0 0 63 122 3
#23 160 0 0.00000 0 	 0 0 26 25 2
