23
#1 29
0 16 17 18 29 34 39 48 53 54 55 65 70 75 82 89 101 102 106 112 114 117 126 130 133 149 153 154 156 
#2 44
0 8 16 17 18 23 29 34 39 40 42 48 53 54 55 56 57 60 63 65 70 75 78 82 85 89 101 102 106 112 114 117 126 130 131 132 133 145 146 149 153 154 155 156 
#3 28
0 8 16 17 18 23 34 39 53 55 60 63 70 78 82 85 89 101 106 114 126 130 131 145 149 153 154 157 
#4 25
0 16 18 23 29 34 39 40 42 48 53 60 63 65 70 78 82 85 101 102 114 132 149 153 154 
#5 28
0 8 16 23 29 34 39 40 48 53 55 70 78 85 99 101 102 114 126 130 131 145 148 149 153 154 156 157 
#6 45
0 8 16 17 18 23 31 34 39 40 42 48 53 54 55 56 57 60 63 65 70 78 82 84 85 88 89 96 101 108 112 114 126 131 132 133 142 145 146 149 153 154 155 156 157 
#7 20
0 16 18 23 40 48 53 54 60 89 101 106 108 114 126 130 149 153 154 157 
#8 60
0 8 14 15 16 17 18 20 23 29 31 34 39 40 42 46 48 53 54 55 56 57 60 63 65 70 75 78 82 84 85 88 89 96 99 100 101 102 106 108 109 112 114 117 126 129 130 131 132 133 139 142 145 146 149 153 154 155 156 157 
#9 52
0 16 17 18 20 23 26 29 34 36 39 40 42 45 48 51 52 53 54 55 56 57 60 65 75 78 82 85 89 94 96 101 106 108 112 114 117 126 128 130 131 132 133 138 142 145 148 149 153 154 155 157 
#10 36
0 16 17 18 23 29 34 39 40 48 53 54 55 57 60 65 75 78 82 85 89 101 106 112 114 117 126 130 131 132 133 145 149 153 154 157 
#11 18
0 5 6 11 33 58 74 81 92 103 107 118 119 122 125 134 141 151 
#12 20
0 5 6 10 11 27 35 58 74 86 92 97 107 118 119 121 122 134 141 151 
#13 25
0 4 5 6 10 11 27 33 35 58 74 81 86 92 97 103 107 118 119 121 122 125 134 141 151 
#14 20
0 5 6 10 11 33 35 58 74 81 86 92 97 107 118 119 121 122 134 141 
#15 12
0 2 12 24 28 59 62 68 79 80 91 144 
#16 27
0 1 7 21 24 30 32 38 41 45 47 61 64 66 69 72 73 98 110 111 124 127 135 143 150 158 159 
#17 20
0 1 7 21 24 30 32 38 41 47 61 64 72 73 87 110 111 143 150 158 
#18 13
0 1 7 24 32 41 45 64 79 110 111 143 150 
#19 32
0 1 7 16 21 22 23 24 28 30 32 38 41 45 47 49 61 64 69 72 73 78 83 87 98 110 111 126 130 143 150 158 
#20 19
0 1 3 7 21 24 37 45 47 49 61 73 79 98 110 111 124 127 159 
#21 14
0 1 3 7 21 24 49 61 79 90 111 124 150 159 
#22 63
0 1 7 8 16 17 18 21 23 24 29 30 32 38 39 40 41 42 47 54 55 57 60 61 63 64 65 69 70 72 73 75 78 82 85 87 88 89 94 96 101 102 106 108 110 111 112 114 117 126 130 131 132 133 143 145 149 150 153 154 155 156 158 
#23 26
0 1 3 7 24 30 32 38 41 45 47 49 61 62 73 83 87 98 110 111 127 135 143 150 158 159 
