64
#1 72
0 2 7 8 9 10 11 12 17 19 22 23 24 27 32 33 34 37 38 40 41 42 44 48 51 53 59 61 66 68 71 74 77 78 80 84 87 88 89 91 93 94 95 98 101 106 117 119 126 129 133 134 137 138 140 141 142 143 144 146 148 149 151 152 154 156 157 158 161 162 163 167 
#2 12
0 11 19 61 62 72 84 101 107 111 144 163 
#3 16
0 19 32 34 42 44 61 77 84 94 101 106 117 134 151 154 
#4 83
0 1 2 7 8 9 10 11 12 14 17 19 20 22 23 25 27 29 32 33 34 36 37 38 40 42 45 51 52 53 55 59 61 65 66 67 68 69 72 73 74 76 78 79 80 87 88 93 94 95 98 101 106 108 109 113 114 119 121 124 127 128 129 131 133 134 137 138 141 142 143 144 148 149 152 154 156 157 159 161 162 167 170 
#5 21
0 1 17 19 33 42 51 55 61 79 87 88 111 121 133 134 137 138 142 152 170 
#6 56
0 1 8 11 17 19 22 27 29 32 33 38 42 45 55 59 61 66 69 72 74 75 76 78 79 80 86 87 93 94 95 97 98 101 106 111 114 119 121 123 124 128 131 133 137 138 141 142 144 148 149 156 157 163 167 170 
#7 33
0 9 14 19 22 27 29 32 33 38 59 69 72 74 76 86 95 98 101 108 109 113 114 119 124 128 129 141 142 143 148 156 167 
#8 5
0 12 61 117 154 
#9 42
0 1 17 19 22 23 33 34 42 59 61 68 69 72 78 93 94 95 97 101 106 107 111 119 121 122 123 128 129 133 137 138 141 142 144 149 150 152 154 159 163 170 
#10 10
0 19 34 69 72 101 107 111 122 123 
#11 5
0 53 63 71 89 
#12 24
0 21 26 27 50 52 59 60 82 85 96 98 100 106 107 109 113 120 127 130 131 136 147 164 
#13 47
0 1 2 5 11 12 16 17 22 26 28 42 43 46 49 50 61 67 79 81 82 83 86 88 102 105 110 114 118 120 121 124 125 129 132 133 136 137 139 142 143 144 152 153 154 164 170 
#14 9
0 3 16 26 28 46 85 103 153 
#15 23
0 28 33 39 46 47 82 85 96 100 102 103 105 109 110 116 120 132 136 143 147 153 164 
#16 9
0 3 16 26 28 46 85 103 153 
#17 25
0 8 12 19 24 25 27 32 33 43 59 67 76 95 113 117 118 119 124 128 141 156 161 167 170 
#18 19
0 12 19 75 81 86 105 110 114 119 120 132 136 139 141 143 156 162 170 
#19 56
0 2 7 8 9 11 15 19 25 27 33 34 37 38 40 41 45 48 59 65 66 68 69 72 73 74 80 87 92 94 95 98 101 107 111 114 119 122 123 124 126 129 134 135 137 138 140 141 142 144 148 158 159 161 163 167 
#20 12
0 7 9 10 15 27 38 40 92 144 148 158 
#21 35
0 11 17 19 22 27 30 33 38 42 55 61 67 69 74 77 83 84 88 95 111 114 121 125 128 133 134 137 138 141 142 149 154 163 170 
#22 61
0 1 2 10 11 12 15 17 19 22 27 30 32 33 34 42 44 53 55 59 61 62 66 67 68 69 72 77 78 79 83 84 87 88 94 95 97 101 106 107 111 114 117 119 121 122 123 124 129 133 134 137 142 144 145 151 152 154 162 163 170 
#23 25
0 2 8 11 19 27 33 59 66 74 80 88 95 98 114 119 124 128 137 141 142 144 148 156 167 
#24 26
0 2 8 9 10 11 12 27 33 38 41 59 61 83 94 114 119 133 137 138 142 144 148 154 156 170 
#25 58
0 2 7 8 9 10 11 14 15 19 20 25 27 30 32 33 34 38 40 42 44 48 52 55 59 61 65 66 68 74 77 80 84 91 92 94 95 98 101 106 108 111 117 119 124 129 134 138 143 144 148 151 154 156 158 161 163 167 
#26 42
0 1 2 7 8 9 10 11 12 19 22 27 33 40 42 45 52 53 59 61 66 83 87 88 92 98 114 119 121 124 133 134 137 138 142 144 148 154 157 158 167 170 
#27 56
0 2 7 8 9 10 11 15 19 20 22 27 29 32 33 38 40 45 48 51 52 59 61 66 74 80 87 92 94 95 98 106 108 114 117 119 124 126 128 129 133 134 137 138 141 142 143 144 148 149 151 154 156 158 161 167 
#28 23
0 2 19 30 32 37 41 48 55 61 62 77 84 86 95 97 111 117 134 138 142 159 163 
#29 23
0 1 17 27 32 33 42 59 62 72 78 95 97 101 107 111 119 123 131 133 141 142 144 
#30 41
0 2 8 9 19 20 25 27 33 36 38 40 41 42 45 51 52 59 61 66 80 87 88 95 98 114 119 124 129 134 137 138 141 142 143 144 145 148 156 161 167 
#31 84
0 1 2 8 9 10 11 17 19 20 22 23 24 27 28 29 32 33 38 39 40 41 42 44 45 46 48 51 52 53 59 61 66 67 68 69 70 74 75 76 78 80 83 85 86 88 94 95 103 105 106 110 111 114 116 119 120 121 124 125 128 129 131 132 133 136 137 138 141 142 143 145 148 151 152 153 154 156 157 158 161 163 167 170 
#32 66
0 1 2 7 8 9 10 11 12 15 19 22 23 27 33 34 35 38 40 41 42 45 50 52 53 59 61 62 66 67 68 74 79 80 83 86 87 88 91 94 95 98 114 119 121 124 125 129 132 133 134 137 138 141 142 144 148 149 154 156 157 158 162 163 167 170 
#33 22
0 1 2 10 17 19 23 42 53 61 68 78 88 94 106 119 121 133 137 138 142 154 
#34 3
0 63 71 
#35 68
0 1 2 7 8 10 11 12 17 19 22 23 27 32 33 38 40 42 53 55 59 61 62 66 67 68 69 72 74 77 78 79 80 87 88 93 94 95 97 101 106 107 114 119 121 122 123 124 128 129 131 133 134 137 138 141 142 144 148 149 150 152 154 157 162 163 167 170 
#36 3
0 64 84 
#37 11
0 3 16 26 28 46 85 103 120 132 153 
#38 48
0 2 5 7 8 9 11 15 19 26 27 33 38 40 45 47 50 57 59 60 65 66 68 74 80 87 92 94 95 96 98 100 119 126 127 129 134 135 137 138 142 143 144 147 148 158 159 167 
#39 37
0 2 8 9 11 19 25 27 33 38 40 41 45 48 66 74 80 86 94 95 98 114 119 124 128 129 134 137 138 141 142 144 148 159 161 163 167 
#40 66
0 2 7 8 9 10 11 12 17 19 20 22 23 25 27 33 37 38 40 41 42 45 51 53 59 61 66 68 74 76 78 80 83 87 88 91 93 94 95 98 106 114 119 124 128 129 133 134 137 138 141 142 143 144 148 149 152 154 156 157 158 161 162 163 167 170 
#41 11
0 2 37 41 80 84 138 140 142 144 163 
#42 46
0 2 8 9 11 21 25 26 27 28 33 37 38 40 41 45 48 52 66 73 74 80 81 82 85 94 98 110 114 119 124 129 134 136 137 138 140 141 142 144 148 153 156 161 163 167 
#43 17
0 11 12 13 22 27 35 43 50 61 67 83 133 137 147 162 170 
#44 36
0 2 8 10 11 19 20 27 33 38 40 45 59 66 74 80 87 88 95 98 114 119 124 128 129 134 137 138 141 142 143 144 148 156 161 167 
#45 10
0 38 47 56 82 96 100 127 143 147 
#46 42
0 1 2 8 9 10 11 15 17 19 27 32 33 40 42 53 61 68 78 80 87 91 93 94 95 101 106 119 121 129 131 133 137 138 141 142 144 148 149 152 154 159 
#47 69
0 1 2 3 7 8 9 10 11 15 19 23 27 28 33 37 38 39 40 41 45 46 51 59 61 62 65 66 68 74 80 85 87 88 91 92 94 95 98 103 105 106 114 116 119 120 126 129 131 132 133 134 135 137 138 140 141 142 144 148 152 153 154 158 159 161 163 167 170 
#48 8
0 46 85 105 110 120 132 136 
#49 58
0 1 2 7 8 9 10 11 12 15 19 22 27 33 34 38 40 42 45 52 53 59 61 65 66 68 74 80 83 87 88 92 94 95 98 109 114 119 121 124 125 126 129 133 134 135 137 138 142 144 148 154 156 157 158 159 167 170 
#50 7
0 19 33 59 76 113 128 
#51 23
0 3 16 26 27 28 39 46 47 50 81 82 85 103 106 107 120 130 131 132 136 153 164 
#52 6
0 46 85 116 120 132 
#53 20
0 17 32 34 53 61 62 69 72 78 95 97 101 107 111 122 123 131 150 163 
#54 29
0 2 11 19 22 30 33 37 41 44 61 62 69 72 77 80 84 95 97 101 107 111 134 138 141 142 144 159 163 
#55 12
0 19 55 69 72 77 87 95 101 107 150 167 
#56 12
0 8 19 33 36 51 59 87 134 138 142 144 
#57 17
0 11 12 17 27 33 59 61 83 88 114 124 133 137 142 154 170 
#58 63
0 1 8 9 10 11 12 17 19 20 25 27 29 32 33 36 38 40 42 45 51 52 53 59 61 66 68 74 76 78 87 88 93 94 95 98 101 106 108 109 114 119 121 124 128 129 131 133 134 137 138 141 142 143 144 148 149 152 156 159 161 167 170 
#59 15
0 2 8 11 19 27 33 86 95 114 119 128 141 142 159 
#60 19
0 17 19 32 34 42 61 69 72 78 95 97 101 107 111 122 123 131 141 
#61 30
0 8 9 11 19 27 33 38 40 45 59 66 74 87 95 98 114 119 124 128 129 137 138 141 142 143 144 148 156 167 
#62 25
0 2 8 9 11 20 27 33 40 45 59 66 80 87 95 119 124 129 137 138 142 144 148 161 167 
#63 14
0 17 42 68 78 93 94 106 137 138 142 149 152 154 
#64 27
0 8 12 19 22 31 33 34 59 69 72 83 95 97 101 107 111 112 122 123 128 141 150 159 163 166 169 
