#1 171 0 0.00000 0 	 0 0 72 147 3
#2 171 0 0.01000 0 	 0 0 12 21 3
#3 171 0 0.00000 0 	 0 0 16 15 2
#4 171 0 0.01000 0 	 0 0 83 198 3
#5 171 0 0.00000 0 	 0 0 21 45 3
#6 171 0 0.00000 0 	 0 0 56 111 3
#7 171 0 0.01000 0 	 0 0 33 63 3
#8 171 0 0.00000 0 	 0 0 5 7 3
#9 171 0 0.00000 0 	 0 0 42 80 3
#10 171 0 0.00000 0 	 0 0 10 9 2
#11 171 0 0.00000 0 	 0 0 5 4 2
#12 171 0 0.01000 0 	 0 0 24 48 3
#13 171 0 0.00000 0 	 0 0 47 91 3
#14 171 0 0.00000 0 	 0 0 9 15 3
#15 171 0 0.01000 0 	 0 0 23 43 3
#16 171 0 0.00000 0 	 0 0 9 8 2
#17 171 0 0.00000 0 	 0 0 25 47 3
#18 171 0 0.00000 0 	 0 0 19 33 3
#19 171 0 0.01000 0 	 0 0 56 130 3
#20 171 0 0.00000 0 	 0 0 12 21 3
#21 171 0 0.01000 0 	 0 0 35 72 3
#22 171 0 0.00000 0 	 0 0 61 128 3
#23 171 0 0.00000 0 	 0 0 25 24 2
#24 171 0 0.00000 0 	 0 0 26 56 3
#25 171 0 0.01000 0 	 0 0 58 120 3
#26 171 0 0.00000 0 	 0 0 42 84 3
#27 171 0 0.01000 0 	 0 0 56 137 3
#28 171 0 0.00000 0 	 0 0 23 22 2
#29 171 0 0.00000 0 	 0 0 23 22 2
#30 171 0 0.01000 0 	 0 0 41 89 3
#31 171 0 0.00000 0 	 0 0 84 179 3
#32 171 0 0.01000 0 	 0 0 66 153 3
#33 171 0 0.00000 0 	 0 0 22 21 2
#34 171 0 0.00000 0 	 0 0 3 2 2
#35 171 0 0.01000 0 	 0 0 68 149 3
#36 171 0 0.00000 0 	 0 0 3 3 3
#37 171 0 0.00000 0 	 0 0 11 10 2
#38 171 0 0.01000 0 	 0 0 48 93 3
#39 171 0 0.00000 0 	 0 0 37 79 3
#40 171 0 0.01000 0 	 0 0 66 162 3
#41 171 0 0.00000 0 	 0 0 11 10 2
#42 171 0 0.01000 0 	 0 0 46 94 3
#43 171 0 0.00000 0 	 0 0 17 30 3
#44 171 0 0.00000 0 	 0 0 36 35 2
#45 171 0 0.00000 0 	 0 0 10 9 2
#46 171 0 0.00000 0 	 0 0 42 91 3
#47 171 0 0.02000 0 	 0 0 69 162 3
#48 171 0 0.00000 0 	 0 0 8 7 2
#49 171 0 0.01000 0 	 0 0 58 137 3
#50 171 0 0.00000 0 	 0 0 7 11 3
#51 171 0 0.00000 0 	 0 0 23 45 3
#52 171 0 0.00000 0 	 0 0 6 5 2
#53 171 0 0.00000 0 	 0 0 20 19 2
#54 171 0 0.01000 0 	 0 0 29 28 2
#55 171 0 0.00000 0 	 0 0 12 11 2
#56 171 0 0.00000 0 	 0 0 12 30 4
#57 171 0 0.00000 0 	 0 0 17 16 2
#58 171 0 0.00000 0 	 0 0 63 136 3
#59 171 0 0.00000 0 	 0 0 15 14 2
#60 171 0 0.00000 0 	 0 0 19 18 2
#61 171 0 0.01000 0 	 0 0 30 29 2
#62 171 0 0.00000 0 	 0 0 25 47 3
#63 171 0 0.00000 0 	 0 0 14 25 3
#64 171 0 0.00000 0 	 0 0 27 50 3
