100
#1 27
0 8 23 40 45 56 61 72 91 110 113 119 132 134 158 193 201 242 245 259 264 277 303 311 315 317 334 
#2 19
0 40 45 56 72 113 119 132 133 134 158 183 242 277 303 311 315 317 334 
#3 7
0 100 119 150 163 173 249 
#4 11
0 8 23 61 91 182 193 230 245 253 259 
#5 6
0 97 182 215 230 253 
#6 11
0 8 23 61 91 110 193 201 245 259 264 
#7 15
0 23 26 40 56 61 72 172 193 199 212 232 265 271 298 
#8 5
0 182 215 230 253 
#9 16
0 23 68 99 102 131 143 155 157 175 177 225 227 263 278 296 
#10 12
0 17 28 41 115 116 137 140 144 214 312 326 
#11 34
0 9 21 25 26 56 67 98 104 109 113 119 122 142 170 186 188 200 203 239 252 271 272 277 280 285 297 304 315 322 323 325 332 342 
#12 39
0 9 13 21 25 26 39 56 59 62 67 69 82 98 105 118 121 128 170 172 186 188 199 200 203 211 223 236 239 252 261 265 268 271 304 313 315 325 342 
#13 52
0 1 3 9 21 25 26 31 39 40 59 67 82 98 105 118 119 121 122 133 141 142 169 170 172 185 188 200 203 211 231 232 236 239 252 257 261 268 271 272 277 280 290 291 297 304 315 322 323 325 329 332 
#14 8
0 9 85 156 188 258 272 295 
#15 18
0 5 9 67 85 104 122 136 156 185 188 212 235 239 258 272 295 344 
#16 14
0 25 26 40 105 141 169 236 257 272 280 304 315 322 
#17 29
0 14 17 19 20 28 35 41 44 93 111 115 116 137 140 143 144 151 175 214 226 230 243 310 312 321 326 337 343 
#18 26
0 14 17 19 20 32 41 93 111 115 116 137 140 143 167 175 214 230 289 310 312 321 326 333 337 343 
#19 26
0 14 17 19 20 28 41 44 93 111 115 116 137 140 144 151 214 226 230 243 289 310 312 326 337 343 
#20 18
0 2 14 20 41 44 52 111 115 149 162 192 214 226 312 326 333 343 
#21 12
0 14 19 20 41 111 115 116 214 312 326 343 
#22 25
0 2 14 17 20 28 32 41 93 111 115 116 137 140 144 149 162 167 214 226 310 312 326 337 343 
#23 16
0 2 14 20 41 44 111 115 149 162 214 226 312 326 333 343 
#24 22
0 17 32 41 52 93 111 115 137 140 143 167 175 192 214 243 289 310 312 321 326 337 
#25 7
0 25 88 154 219 292 336 
#26 6
0 25 88 111 279 336 
#27 27
0 5 25 53 57 74 80 88 92 94 101 130 180 194 196 204 213 242 249 254 266 277 302 329 330 336 346 
#28 3
0 154 219 
#29 16
0 21 26 31 66 67 142 161 203 252 277 304 308 322 323 334 
#30 39
0 13 21 26 56 59 67 82 98 109 118 119 148 172 188 199 200 203 211 213 223 224 236 238 239 252 261 265 271 277 297 304 313 315 324 325 331 332 342 
#31 42
0 16 22 25 27 30 50 56 67 70 73 82 98 109 118 119 136 150 172 186 199 200 203 211 213 217 224 230 238 252 265 271 277 297 301 304 315 324 329 331 332 340 
#32 47
0 9 21 25 26 39 40 50 56 66 67 72 98 104 113 119 121 122 132 134 142 148 158 165 169 172 186 188 199 200 203 239 248 252 261 265 271 277 285 291 304 311 313 325 334 342 344 
#33 17
0 25 56 82 98 109 118 119 172 186 203 211 265 271 324 331 332 
#34 4
0 23 222 240 
#35 39
0 7 9 21 26 31 56 66 67 87 109 113 118 119 122 134 136 142 161 172 199 200 203 213 224 239 246 252 277 297 304 308 315 322 323 324 331 332 334 
#36 18
0 26 40 56 72 132 172 199 212 232 248 265 271 277 298 311 325 344 
#37 22
0 13 26 56 67 98 118 128 172 199 203 211 223 238 239 252 261 265 271 313 325 342 
#38 11
0 56 82 98 118 172 203 211 265 271 331 
#39 12
0 46 68 86 99 131 143 175 177 225 227 278 
#40 17
0 19 35 46 68 99 131 138 143 175 177 225 227 263 278 296 321 
#41 8
0 64 100 119 150 171 189 217 
#42 48
0 4 7 9 25 26 40 56 62 67 78 87 98 122 128 133 136 141 161 181 186 195 200 213 218 224 231 232 236 239 246 271 272 273 275 276 277 285 291 303 306 308 315 322 324 328 332 345 
#43 75
0 3 5 9 16 21 25 26 29 31 45 55 56 58 62 66 67 81 82 98 100 104 109 113 118 119 122 123 128 136 141 142 156 161 169 170 172 176 186 188 200 203 213 224 232 235 236 239 248 251 252 261 269 271 272 274 276 277 280 281 284 285 297 303 304 315 322 323 325 329 331 332 342 344 345 
#44 3
0 49 255 
#45 18
0 9 25 26 56 62 98 122 133 141 200 224 232 236 239 271 276 322 
#46 29
0 9 13 25 50 53 82 92 98 105 109 113 119 148 176 180 185 194 196 204 224 249 254 261 266 271 272 330 346 
#47 27
0 3 7 9 22 25 26 67 72 85 122 129 142 168 170 188 200 228 233 256 274 280 283 304 323 339 347 
#48 41
0 13 21 25 26 56 59 67 82 98 104 109 113 118 119 122 128 170 172 186 199 200 203 211 223 238 239 252 261 265 271 272 277 280 285 304 313 315 325 332 342 
#49 33
0 7 9 13 22 25 31 50 77 82 98 105 109 113 119 129 146 148 158 168 176 185 224 229 261 271 272 277 291 294 304 339 347 
#50 21
0 3 21 40 75 85 96 119 122 170 185 188 200 208 274 277 285 291 323 332 341 
#51 16
0 21 36 108 114 122 127 135 139 184 197 251 281 284 309 320 
#52 18
0 9 25 26 56 62 98 122 133 141 200 224 232 236 239 271 276 322 
#53 5
0 23 124 157 170 
#54 30
0 9 21 25 26 56 67 104 109 118 122 142 170 186 188 199 200 203 239 252 271 277 280 285 297 304 315 322 323 342 
#55 10
0 62 96 133 190 213 224 274 314 323 
#56 48
0 9 21 25 26 36 39 40 56 62 67 69 72 98 105 119 121 122 127 133 135 141 161 165 172 184 197 199 200 224 236 239 251 257 258 271 272 276 277 280 281 284 291 304 309 313 320 323 
#57 7
0 7 213 246 324 339 340 
#58 16
0 49 50 65 82 96 109 161 199 236 255 261 271 313 314 342 
#59 18
0 1 48 53 54 73 88 92 119 126 133 194 236 280 299 315 322 346 
#60 3
0 233 256 
#61 12
0 50 109 113 119 146 148 203 277 314 331 334 
#62 33
0 9 21 25 26 56 67 98 104 109 113 119 122 142 170 186 188 199 200 203 239 252 271 272 277 280 285 297 315 322 323 325 332 
#63 70
0 9 10 13 21 22 25 26 31 38 39 40 50 55 56 57 67 77 98 104 105 109 113 117 118 119 120 122 130 132 134 142 159 161 168 169 170 172 175 186 188 200 203 204 208 213 231 239 248 252 271 272 277 280 285 290 291 294 304 308 311 315 322 323 324 325 332 334 339 342 
#64 17
0 10 58 67 81 100 119 142 169 200 269 277 285 291 323 329 332 
#65 29
0 9 21 25 26 56 67 113 119 122 142 170 186 188 199 200 203 252 271 272 277 280 285 297 304 315 322 323 342 
#66 41
0 13 21 25 26 56 59 67 82 98 104 109 113 118 119 122 128 170 172 186 199 200 203 211 223 238 239 252 261 265 271 272 277 280 285 304 313 315 325 332 342 
#67 80
0 3 9 10 13 21 25 26 31 40 45 50 55 56 62 66 67 69 72 75 79 82 98 104 105 109 113 118 119 122 123 128 134 136 141 142 148 156 158 161 169 170 176 185 186 188 199 200 203 212 213 223 224 236 239 248 252 261 265 271 272 277 280 285 290 297 303 304 308 313 315 322 323 324 325 332 334 342 344 345 
#68 10
0 7 38 117 141 178 248 322 332 339 
#69 16
0 21 26 31 66 67 142 161 203 252 277 304 308 322 323 334 
#70 76
0 9 13 21 25 26 30 40 48 56 59 63 67 72 79 82 85 98 103 104 109 113 118 119 122 125 128 133 136 141 142 148 161 169 170 172 176 185 186 188 199 200 203 211 212 223 224 232 236 238 239 252 261 265 268 271 272 276 277 280 285 290 291 297 298 304 313 314 315 318 322 323 325 331 332 342 
#71 82
0 9 13 21 25 26 30 40 55 56 59 60 62 63 66 67 72 75 82 88 98 103 104 109 113 118 119 122 123 128 132 134 136 141 142 161 169 170 172 185 186 188 199 200 203 207 211 212 213 221 222 223 231 232 236 238 239 252 261 265 271 272 276 277 285 290 291 297 298 303 304 313 315 318 322 323 325 331 332 334 341 342 
#72 41
0 7 9 22 26 56 60 67 98 104 119 122 128 129 150 158 168 169 170 172 176 186 199 203 211 213 223 239 248 252 265 271 285 291 304 313 315 322 334 339 347 
#73 33
0 9 21 25 26 56 67 98 104 109 113 118 119 122 142 170 186 188 199 200 203 239 252 271 277 280 285 297 304 322 323 325 332 
#74 12
0 36 108 127 135 184 197 251 281 284 309 320 
#75 12
0 9 56 62 170 186 188 203 304 322 323 341 
#76 8
0 64 100 119 150 171 189 217 
#77 96
0 1 5 7 9 10 13 21 22 25 26 31 39 40 47 50 53 55 56 57 67 80 87 94 98 104 105 109 113 118 119 120 121 122 128 130 132 133 134 136 142 158 159 161 168 169 170 172 175 185 186 188 199 200 203 204 208 211 213 223 224 231 236 239 246 248 249 252 257 271 272 277 280 285 288 290 291 294 301 302 303 304 308 311 313 315 322 323 324 325 329 332 334 339 342 345 
#78 21
0 9 21 25 26 56 67 109 119 122 142 188 200 203 252 271 272 280 297 322 323 
#79 47
0 13 16 26 29 40 56 59 72 82 98 103 113 118 119 128 141 159 172 188 199 203 208 211 212 223 231 232 238 239 252 261 265 268 271 277 285 291 298 304 308 313 325 329 331 332 342 
#80 33
0 1 9 26 36 40 47 62 96 108 127 133 135 141 183 184 188 197 224 232 236 251 271 276 280 281 284 301 309 315 320 322 324 
#81 4
0 56 207 322 
#82 2
0 114 
#83 23
0 7 25 56 98 103 119 136 169 172 185 188 200 208 211 252 271 277 285 291 323 332 339 
#84 18
0 21 25 26 56 67 104 113 122 142 186 188 200 239 252 271 277 322 
#85 34
0 3 9 24 48 53 75 80 85 92 94 101 156 170 176 180 187 188 194 196 204 242 249 254 258 266 271 272 274 299 302 322 323 346 
#86 34
0 21 24 36 53 80 92 94 101 108 127 135 139 159 180 184 187 194 197 204 242 249 251 254 266 272 281 284 299 302 309 320 330 346 
#87 22
0 1 24 53 57 80 92 94 101 180 187 194 204 213 242 249 254 266 299 302 330 346 
#88 82
0 1 3 9 21 24 25 26 30 34 53 56 66 67 69 72 75 79 80 85 92 94 101 105 113 119 122 128 133 134 141 142 148 156 161 163 166 169 170 173 176 180 185 186 187 188 194 196 199 200 202 203 204 224 231 232 242 249 252 254 258 266 271 272 276 277 280 285 291 295 297 299 302 304 315 322 323 329 334 341 342 346 
#89 29
0 5 24 37 53 57 80 87 92 94 101 122 156 158 169 180 187 194 204 213 235 242 249 266 299 302 315 316 346 
#90 25
0 5 24 53 80 92 94 101 166 173 180 187 194 196 202 204 242 249 254 266 299 302 329 330 346 
#91 77
0 3 9 21 25 26 30 48 53 56 66 67 69 72 75 79 80 85 92 94 101 105 113 119 122 128 133 134 141 142 148 156 161 166 169 170 173 176 185 186 188 196 199 200 202 203 204 224 231 232 242 249 252 254 258 266 271 272 276 277 280 285 291 295 297 299 302 304 315 322 323 329 330 334 341 342 346 
#92 19
0 21 34 36 108 127 135 139 159 173 184 197 251 272 281 284 309 320 346 
#93 30
0 24 36 53 80 92 94 101 108 127 135 180 184 187 194 196 197 204 242 249 251 254 266 281 284 299 302 309 320 346 
#94 68
0 3 9 21 25 26 30 37 56 66 67 69 72 75 79 85 105 113 119 122 127 128 133 134 139 141 142 148 156 159 161 169 170 176 184 185 186 188 197 199 200 203 224 231 232 251 252 258 271 272 276 277 280 281 284 285 291 295 297 304 315 320 322 323 329 334 341 342 
#95 16
0 3 9 37 75 85 156 170 176 188 258 271 272 274 322 323 
#96 50
0 1 13 16 26 29 40 48 56 59 72 73 82 88 98 103 113 118 126 128 141 159 172 199 203 210 211 212 223 231 232 238 239 252 260 261 265 268 271 277 298 304 308 313 322 325 329 331 332 342 
#97 5
0 52 90 179 192 
#98 3
0 52 192 
#99 19
0 2 14 17 20 28 41 111 115 116 137 140 144 149 214 226 312 326 343 
#100 7
0 41 93 111 137 310 337 
