#1 348 0 0.01000 0 	 0 0 27 50 3
#2 348 0 0.01000 0 	 0 0 19 34 3
#3 348 0 0.00000 0 	 0 0 7 6 2
#4 348 0 0.01000 0 	 0 0 11 18 3
#5 348 0 0.00000 0 	 0 0 6 7 2
#6 348 0 0.01000 0 	 0 0 11 19 3
#7 348 0 0.00000 0 	 0 0 15 26 3
#8 348 0 0.01000 0 	 0 0 5 4 2
#9 348 0 0.00000 0 	 0 0 16 29 3
#10 348 0 0.00000 0 	 0 0 12 11 2
#11 348 0 0.01000 0 	 0 0 34 33 2
#12 348 0 0.00000 0 	 0 0 39 82 3
#13 348 0 0.02000 0 	 0 0 52 112 3
#14 348 0 0.00000 0 	 0 0 8 13 3
#15 348 0 0.01000 0 	 0 0 18 34 3
#16 348 0 0.00000 0 	 0 0 14 13 2
#17 348 0 0.01000 0 	 0 0 29 54 3
#18 348 0 0.01000 0 	 0 0 26 48 3
#19 348 0 0.01000 0 	 0 0 26 62 3
#20 348 0 0.01000 0 	 0 0 18 32 3
#21 348 0 0.00000 0 	 0 0 12 21 3
#22 348 0 0.00000 0 	 0 0 25 49 3
#23 348 0 0.00000 0 	 0 0 16 15 2
#24 348 0 0.01000 0 	 0 0 22 39 3
#25 348 0 0.01000 0 	 0 0 7 6 2
#26 348 0 0.00000 0 	 0 0 6 8 3
#27 348 0 0.01000 0 	 0 0 27 26 2
#28 348 0 0.00000 0 	 0 0 3 2 2
#29 348 0 0.00000 0 	 0 0 16 15 2
#30 348 0 0.01000 0 	 0 0 39 83 3
#31 348 0 0.01000 0 	 0 0 42 85 3
#32 348 0 0.01000 0 	 0 0 47 100 3
#33 348 0 0.00000 0 	 0 0 17 16 2
#34 348 0 0.00000 0 	 0 0 4 3 2
#35 348 0 0.01000 0 	 0 0 39 87 3
#36 348 0 0.01000 0 	 0 0 18 33 3
#37 348 0 0.00000 0 	 0 0 22 21 2
#38 348 0 0.01000 0 	 0 0 11 19 3
#39 348 0 0.00000 0 	 0 0 12 25 3
#40 348 0 0.01000 0 	 0 0 17 35 3
#41 348 0 0.00000 0 	 0 0 8 7 2
#42 348 0 0.01000 0 	 0 0 48 97 3
#43 348 0 0.01000 0 	 0 0 75 149 3
#44 348 0 0.00000 0 	 0 0 3 2 2
#45 348 0 0.00000 0 	 0 0 18 17 2
#46 348 0 0.01000 0 	 0 0 29 54 3
#47 348 0 0.01000 0 	 0 0 27 49 3
#48 348 0 0.00000 0 	 0 0 41 40 2
#49 348 0 0.01000 0 	 0 0 33 63 3
#50 348 0 0.01000 0 	 0 0 21 39 3
#51 348 0 0.00000 0 	 0 0 16 15 2
#52 348 0 0.00000 0 	 0 0 18 17 2
#53 348 0 0.00000 0 	 0 0 5 4 2
#54 348 0 0.01000 0 	 0 0 30 29 2
#55 348 0 0.00000 0 	 0 0 10 9 2
#56 348 0 0.01000 0 	 0 0 48 95 3
#57 348 0 0.00000 0 	 0 0 7 6 2
#58 348 0 0.01000 0 	 0 0 16 28 3
#59 348 0 0.00000 0 	 0 0 18 17 2
#60 348 0 0.00000 0 	 0 0 3 2 2
#61 348 0 0.00000 0 	 0 0 12 11 2
#62 348 0 0.01000 0 	 0 0 33 85 3
#63 348 0 0.01000 0 	 0 0 70 138 3
#64 348 0 0.01000 0 	 0 0 17 30 3
#65 348 0 0.00000 0 	 0 0 29 28 2
#66 348 0 0.00000 0 	 0 0 41 40 2
#67 348 0 0.01000 0 	 0 0 80 169 3
#68 348 0 0.00000 0 	 0 0 10 9 2
#69 348 0 0.00000 0 	 0 0 16 15 2
#70 348 0 0.02000 0 	 0 0 76 150 3
#71 348 0 0.01000 0 	 0 0 82 168 3
#72 348 0 0.01000 0 	 0 0 41 80 3
#73 348 0 0.00000 0 	 0 0 33 32 2
#74 348 0 0.00000 0 	 0 0 12 11 2
#75 348 0 0.00000 0 	 0 0 12 11 2
#76 348 0 0.00000 0 	 0 0 8 7 2
#77 348 0 0.03000 0 	 0 0 96 214 3
#78 348 0 0.00000 0 	 0 0 21 20 2
#79 348 0 0.01000 0 	 0 0 47 92 3
#80 348 0 0.01000 0 	 0 0 33 61 3
#81 348 0 0.00000 0 	 0 0 4 3 2
#82 348 0 0.00000 0 	 0 0 2 1 2
#83 348 0 0.01000 0 	 0 0 23 43 3
#84 348 0 0.00000 0 	 0 0 18 33 3
#85 348 0 0.01000 0 	 0 0 34 64 3
#86 348 0 0.01000 0 	 0 0 34 64 3
#87 348 0 0.01000 0 	 0 0 22 62 3
#88 348 0 0.02000 0 	 0 0 82 160 3
#89 348 0 0.00000 0 	 0 0 29 30 2
#90 348 0 0.01000 0 	 0 0 25 58 3
#91 348 0 0.02000 0 	 0 0 77 150 3
#92 348 0 0.01000 0 	 0 0 19 42 3
#93 348 0 0.01000 0 	 0 0 30 64 3
#94 348 0 0.00000 0 	 0 0 68 67 2
#95 348 0 0.00000 0 	 0 0 16 15 2
#96 348 0 0.01000 0 	 0 0 50 49 2
#97 348 0 0.00000 0 	 0 0 5 6 3
#98 348 0 0.00000 0 	 0 0 3 2 2
#99 348 0 0.00000 0 	 0 0 19 18 2
#100 348 0 0.01000 0 	 0 0 7 15 4
