#1 1046 0 0.05000 0 	 0 0 22 44 3
#2 1046 0 0.04000 0 	 0 0 10 17 3
#3 1046 0 0.00000 0 	 0 0 22 21 2
#4 1046 0 0.07000 0 	 0 0 80 156 3
#5 1046 0 0.06000 0 	 0 0 50 101 3
#6 1046 0 0.04000 0 	 0 0 12 21 3
#7 1046 0 0.05000 0 	 0 0 68 142 3
#8 1046 0 0.05000 0 	 0 0 40 77 3
#9 1046 0 0.06000 0 	 0 0 40 78 3
#10 1046 0 0.00000 0 	 0 0 48 47 2
#11 1046 0 0.00000 0 	 0 0 28 27 2
#12 1046 0 0.09000 0 	 0 0 346 869 3
#13 1046 0 0.07000 0 	 0 0 251 531 3
#14 1046 0 0.06000 0 	 0 0 72 147 3
#15 1046 0 0.07000 0 	 0 0 328 664 3
#16 1046 0 0.00000 0 	 0 0 18 17 2
#17 1046 0 0.07000 0 	 0 0 87 215 3
#18 1046 0 0.07000 0 	 0 0 85 193 3
#19 1046 0 0.05000 0 	 0 0 20 44 3
#20 1046 0 0.05000 0 	 0 0 15 26 3
#21 1046 0 0.04000 0 	 0 0 6 9 3
#22 1046 0 0.04000 0 	 0 0 19 35 3
#23 1046 0 0.00000 0 	 0 0 47 46 2
#24 1046 0 0.05000 0 	 0 0 114 250 3
#25 1046 0 0.08000 0 	 0 0 284 606 3
#26 1046 0 0.05000 0 	 0 0 62 124 3
#27 1046 0 0.06000 0 	 0 0 63 195 3
#28 1046 0 0.00000 0 	 0 0 11 10 2
#29 1046 0 0.00000 0 	 0 0 44 43 2
#30 1046 0 0.05000 0 	 0 0 143 315 3
#31 1046 0 0.07000 0 	 0 0 162 391 3
#32 1046 0 0.05000 0 	 0 0 159 330 3
#33 1046 0 0.00000 0 	 0 0 28 27 2
#34 1046 0 0.00000 0 	 0 0 62 61 2
#35 1046 0 0.07000 0 	 0 0 216 567 3
#36 1046 0 0.05000 0 	 0 0 64 124 3
#37 1046 0 0.01000 0 	 0 0 49 48 2
#38 1046 0 0.06000 0 	 0 0 213 422 3
#39 1046 0 0.04000 0 	 0 0 65 127 3
#40 1046 0 0.07000 0 	 0 0 190 419 3
#41 1046 0 0.00000 0 	 0 0 123 122 2
#42 1046 0 0.08000 0 	 0 0 288 705 3
#43 1046 0 0.06000 0 	 0 0 137 337 3
#44 1046 0 0.00000 0 	 0 0 90 89 2
#45 1046 0 0.01000 0 	 0 0 97 96 2
#46 1046 0 0.06000 0 	 0 0 190 399 3
#47 1046 0 0.07000 0 	 0 0 262 581 3
#48 1046 0 0.01000 0 	 0 0 128 127 2
#49 1046 0 0.06000 0 	 0 0 164 340 3
#50 1046 0 0.06000 0 	 0 0 118 232 3
#51 1046 0 0.05000 0 	 0 0 138 331 3
#52 1046 0 0.00000 0 	 0 0 28 27 2
#53 1046 0 0.00000 0 	 0 0 60 59 2
#54 1046 0 0.00000 0 	 0 0 16 15 2
#55 1046 0 0.01000 0 	 0 0 113 112 2
#56 1046 0 0.05000 0 	 0 0 194 446 3
#57 1046 0 0.00000 0 	 0 0 24 23 2
#58 1046 0 0.06000 0 	 0 0 237 499 3
#59 1046 0 0.00000 0 	 0 0 12 11 2
#60 1046 0 0.00000 0 	 0 0 9 8 2
#61 1046 0 0.01000 0 	 0 0 5 4 2
#62 1046 0 0.05000 0 	 0 0 130 295 3
#63 1046 0 0.06000 0 	 0 0 128 252 3
#64 1046 0 0.05000 0 	 0 0 29 81 4
#65 1046 0 0.01000 0 	 0 0 86 85 2
#66 1046 0 0.00000 0 	 0 0 15 14 2
#67 1046 0 0.06000 0 	 0 0 227 508 3
#68 1046 0 0.00000 0 	 0 0 57 56 2
#69 1046 0 0.01000 0 	 0 0 135 134 2
#70 1046 0 0.06000 0 	 0 0 123 242 3
#71 1046 0 0.04000 0 	 0 0 9 15 3
#72 1046 0 0.05000 0 	 0 0 31 60 3
#73 1046 0 0.01000 0 	 0 0 65 64 2
#74 1046 0 0.00000 0 	 0 0 22 21 2
#75 1046 0 0.00000 0 	 0 0 82 81 2
#76 1046 0 0.01000 0 	 0 0 11 10 2
#77 1046 0 0.05000 0 	 0 0 156 382 3
#78 1046 0 0.01000 0 	 0 0 120 119 2
#79 1046 0 0.04000 0 	 0 0 36 69 3
#80 1046 0 0.06000 0 	 0 0 147 311 3
#81 1046 0 0.01000 0 	 0 0 61 60 2
#82 1046 0 0.00000 0 	 0 0 20 19 2
#83 1046 0 0.05000 0 	 0 0 175 346 3
#84 1046 0 0.05000 0 	 0 0 129 285 3
#85 1046 0 0.06000 0 	 0 0 167 330 3
#86 1046 0 0.06000 0 	 0 0 204 494 3
#87 1046 0 0.07000 0 	 0 0 275 608 3
#88 1046 0 0.08000 0 	 0 0 309 682 3
#89 1046 0 0.05000 0 	 0 0 203 456 3
#90 1046 0 0.08000 0 	 0 0 245 505 3
#91 1046 0 0.05000 0 	 0 0 25 46 3
#92 1046 0 0.09000 0 	 0 0 314 822 3
#93 1046 0 0.07000 0 	 0 0 303 769 3
#94 1046 0 0.09000 0 	 0 0 325 871 3
#95 1046 0 0.06000 0 	 0 0 125 266 3
#96 1046 0 0.08000 0 	 0 0 323 843 3
#97 1046 0 0.05000 0 	 0 0 30 67 3
#98 1046 0 0.00000 0 	 0 0 19 18 2
#99 1046 0 0.00000 0 	 0 0 26 25 2
#100 1046 0 0.05000 0 	 0 0 28 66 3
