100
#1 22
0 14 60 135 149 151 218 276 308 366 368 398 444 454 478 487 503 625 717 888 905 919 
#2 10
0 14 60 135 149 151 218 308 487 919 
#3 22
0 13 192 244 253 285 365 424 445 529 540 552 614 677 691 740 815 833 847 934 956 999 
#4 80
0 13 20 29 35 53 66 67 101 115 118 141 143 176 192 194 195 216 220 244 250 253 268 276 281 285 322 341 365 398 411 414 424 428 434 435 445 449 455 457 506 527 529 531 540 544 546 552 565 600 614 625 646 663 671 677 688 691 698 740 749 750 799 815 823 831 833 847 867 870 893 896 904 909 932 934 956 969 975 999 
#5 50
0 54 95 115 118 140 143 147 176 216 228 282 300 335 373 389 413 457 466 504 534 538 547 569 588 591 592 616 625 627 650 652 655 667 690 698 755 767 782 793 809 812 827 854 875 888 901 909 962 1044 
#6 12
0 244 253 529 614 631 677 712 804 815 833 956 
#7 68
0 22 29 45 49 110 115 116 141 143 147 158 176 178 216 238 247 270 277 278 281 299 333 337 341 349 360 373 374 389 413 416 423 427 455 473 485 531 537 588 591 602 616 620 624 627 646 650 657 662 671 749 755 758 759 800 827 831 837 853 875 901 914 916 946 1009 1038 1040 
#8 40
0 18 22 73 92 157 159 168 176 234 270 288 294 314 329 335 354 360 455 461 485 490 555 563 591 646 650 657 661 693 755 794 814 827 831 888 914 925 938 1009 
#9 40
0 18 22 29 49 73 141 157 158 176 270 281 314 329 333 360 372 373 413 423 455 461 485 531 563 591 592 616 646 650 657 690 693 755 855 868 875 901 938 1009 
#10 48
0 65 88 111 146 185 214 262 266 295 310 319 351 370 404 459 470 479 489 521 550 566 575 608 664 713 722 729 730 735 744 789 792 795 835 840 845 924 931 940 941 947 957 970 1001 1021 1032 1036 
#11 28
0 81 180 229 251 265 268 290 314 350 352 403 430 437 476 483 493 600 686 698 727 741 771 788 820 867 897 977 
#12 346
0 10 11 18 20 21 22 26 30 32 35 39 41 51 52 53 57 58 65 71 72 81 83 85 88 98 100 102 106 108 111 117 129 130 131 133 134 137 153 154 155 158 160 162 165 166 174 180 182 183 185 186 187 190 193 198 208 217 219 220 224 229 230 231 232 233 235 237 239 240 243 250 251 252 255 258 262 264 265 266 268 271 274 275 283 284 286 290 291 293 295 296 302 303 306 309 310 312 314 317 319 323 326 331 334 339 343 348 350 351 352 357 364 369 370 379 381 383 385 387 397 400 403 404 405 406 407 415 419 429 430 435 437 440 446 447 448 449 451 452 456 459 461 462 467 469 470 474 476 477 479 483 486 489 493 494 495 496 507 508 509 510 516 518 521 528 535 537 539 542 546 548 550 555 566 568 575 576 582 583 586 589 590 592 599 600 603 607 608 611 617 629 632 633 634 636 637 638 641 643 647 649 656 657 660 661 663 665 667 669 673 676 678 679 681 685 686 688 694 695 698 708 713 714 721 722 724 727 728 729 730 731 733 734 735 737 738 739 741 742 744 745 746 747 748 757 762 764 768 770 771 772 778 784 785 786 788 789 790 792 795 797 799 801 803 805 807 808 811 813 816 817 820 823 835 842 843 845 849 850 851 855 856 859 864 865 866 867 871 874 876 880 883 884 887 891 893 895 896 899 904 909 913 920 922 924 925 930 931 935 940 941 942 944 947 954 958 961 963 964 966 970 973 974 975 977 982 984 986 994 997 1000 1001 1010 1012 1014 1015 1018 1019 1021 1024 1030 1032 1036 1041 1044 
#13 251
0 11 18 20 26 30 32 35 39 51 52 53 57 58 72 73 81 83 85 98 100 102 106 130 131 133 134 153 154 155 162 165 180 182 183 185 186 187 193 202 217 221 224 229 231 233 235 237 239 243 251 255 258 262 264 265 266 268 271 275 284 286 291 293 296 302 306 310 312 314 317 323 326 329 331 334 338 343 350 351 352 357 369 370 379 381 383 397 403 406 407 419 437 440 446 447 448 449 451 452 459 470 475 476 477 479 483 486 493 495 496 507 508 510 516 518 519 528 535 539 546 548 550 566 568 583 586 589 590 592 600 603 607 608 611 617 629 633 634 636 641 643 649 656 657 660 661 665 667 673 676 679 681 685 686 688 694 698 708 713 714 721 722 724 727 728 729 733 734 735 737 738 739 742 745 746 747 748 762 764 768 770 771 772 785 786 788 789 790 796 797 803 805 807 811 813 816 817 820 835 842 845 849 851 859 867 871 874 876 880 883 887 891 895 898 899 913 922 924 925 930 931 935 942 944 947 954 958 964 966 970 973 974 975 977 984 986 994 997 1000 1001 1012 1014 1015 1018 1019 1021 1024 1030 1032 1036 
#14 72
0 10 20 22 41 73 106 117 158 176 193 220 229 251 265 268 290 294 314 322 338 350 352 397 403 417 430 435 437 451 467 475 476 483 493 555 563 600 607 610 632 634 657 663 688 698 727 731 741 745 771 788 796 799 801 805 820 827 855 856 867 868 874 896 897 898 909 977 1009 1015 1030 1031 
#15 328
0 11 19 20 21 27 30 35 39 41 51 52 53 57 58 65 67 71 72 81 83 85 87 98 104 108 109 111 118 122 129 130 133 153 154 155 160 162 165 180 182 183 185 186 187 190 193 208 214 217 219 220 221 223 224 229 231 232 233 235 237 239 243 250 251 255 258 262 264 265 266 268 271 274 283 284 286 290 292 295 296 300 302 306 309 310 311 314 319 321 322 323 334 338 343 350 351 352 356 357 364 369 370 381 383 385 386 392 397 402 403 404 406 407 410 417 419 422 437 441 444 446 447 448 449 451 452 456 458 459 462 467 469 470 475 476 479 483 486 489 493 494 495 496 499 504 509 510 518 521 527 528 535 539 544 546 548 550 554 565 566 568 575 576 583 586 590 592 599 600 603 604 607 608 611 616 629 634 636 641 643 644 645 647 650 651 653 657 659 661 663 664 665 667 669 671 673 676 679 681 685 686 696 698 704 708 713 714 721 722 724 727 728 729 730 733 734 735 737 738 739 741 742 744 745 746 747 748 750 751 757 769 771 778 779 785 788 789 790 792 795 797 802 803 805 807 811 813 816 817 820 823 824 835 840 842 845 849 851 852 859 863 864 865 866 870 871 874 876 880 882 883 884 887 891 893 896 899 902 904 909 911 913 920 922 924 925 926 927 930 931 935 940 941 942 944 947 950 954 957 958 964 966 967 970 973 974 975 976 977 982 986 997 1000 1001 1003 1010 1012 1014 1015 1019 1021 1024 1030 1031 1032 1035 1036 
#16 18
0 41 117 168 221 290 294 335 403 437 555 632 686 727 820 827 909 925 
#17 87
0 18 19 20 35 41 53 67 81 117 158 180 220 221 229 250 251 264 265 268 290 314 322 329 350 352 361 397 403 417 430 435 437 449 467 475 476 483 493 519 527 544 546 565 572 592 600 607 632 634 657 663 665 667 671 686 688 698 699 727 731 741 750 771 788 801 805 807 820 822 823 867 870 874 893 896 897 904 909 938 949 975 977 1003 1015 1018 1030 
#18 85
0 10 35 41 53 81 106 117 130 135 140 180 187 220 221 229 250 251 264 265 268 290 295 314 350 352 397 403 430 435 437 449 457 467 476 483 493 509 516 519 539 546 565 583 592 600 607 610 626 632 634 647 663 665 698 727 731 741 756 771 788 796 799 801 805 820 822 856 867 870 874 876 893 896 897 909 921 931 964 975 977 981 986 1014 1015 
#19 20
0 61 84 92 96 121 159 163 246 288 330 522 543 555 619 732 766 791 1022 1029 
#20 15
0 61 84 121 159 163 246 288 330 522 619 732 791 1022 1029 
#21 6
0 159 246 288 684 1029 
#22 19
0 59 76 89 125 137 269 316 327 396 465 615 622 715 775 834 914 917 1004 
#23 47
0 1 62 124 126 142 173 189 207 211 236 257 269 303 316 348 371 391 399 415 432 439 463 465 532 542 551 581 594 598 672 697 700 707 715 720 736 753 761 773 781 808 819 843 844 972 992 
#24 114
0 1 3 7 22 24 47 62 74 80 86 89 119 123 124 125 126 137 172 173 188 189 206 209 211 215 222 227 257 277 301 303 316 333 340 344 348 352 359 371 375 387 391 393 396 399 409 415 420 426 432 433 439 441 463 465 492 498 501 515 523 525 542 545 551 557 567 570 573 578 581 594 598 615 628 635 697 700 706 707 715 719 720 736 753 761 763 773 781 787 808 810 819 844 858 861 872 881 914 917 943 951 955 959 980 990 995 1004 1005 1026 1027 1033 1037 1041 
#25 284
0 1 7 21 22 29 30 39 45 51 52 57 58 59 62 65 71 80 83 85 86 88 93 98 99 108 111 120 124 126 127 129 134 137 142 150 155 160 165 166 173 174 176 180 182 183 185 186 187 189 190 193 198 208 211 213 219 222 224 227 230 232 233 235 236 237 239 243 252 255 258 262 266 269 270 274 275 283 286 291 295 296 301 303 309 310 312 314 316 319 323 326 333 334 340 344 348 351 352 357 360 364 369 370 381 385 387 389 391 393 400 404 405 407 409 413 415 419 429 432 435 439 446 447 452 456 462 463 465 469 470 476 486 489 494 495 496 498 509 510 518 521 523 535 537 542 545 546 548 550 555 566 567 568 575 576 578 581 582 586 590 591 594 598 599 603 608 624 629 636 637 638 643 646 660 663 669 678 679 685 688 693 694 695 697 700 707 711 713 715 720 722 724 728 729 730 733 735 736 738 742 744 745 746 747 753 757 761 768 776 778 781 785 786 789 790 792 795 802 803 807 808 810 816 817 819 835 837 842 843 844 845 849 850 855 859 864 865 866 871 876 880 883 884 887 891 899 912 917 920 921 930 931 935 940 941 944 954 958 961 963 964 966 972 973 975 982 990 994 995 1000 1001 1005 1006 1010 1012 1019 1021 1026 1032 1033 1036 1038 1041 
#26 62
0 1 47 76 89 114 119 120 126 137 150 207 211 227 236 269 303 316 327 342 344 348 387 391 415 432 439 463 465 492 542 578 581 598 615 622 635 700 707 715 716 753 761 775 781 787 810 834 843 858 861 872 914 917 959 990 1004 1017 1026 1033 1037 1041 
#27 63
0 1 7 62 80 86 93 124 126 142 173 189 207 211 227 236 257 269 303 316 340 344 348 371 391 393 399 409 415 439 463 465 498 523 532 542 545 551 567 578 581 594 598 672 697 700 707 711 715 720 736 753 761 773 781 808 819 843 844 972 990 995 1033 
#28 11
0 15 17 180 221 541 783 820 848 907 939 
#29 44
0 21 72 108 111 122 165 255 283 296 323 351 364 402 410 422 448 452 456 470 486 495 608 636 643 676 679 713 733 738 742 746 757 789 817 835 842 859 876 899 931 957 966 1021 
#30 143
0 21 26 30 39 51 52 57 65 71 85 98 104 109 111 122 133 146 165 183 185 186 193 214 232 233 235 255 258 262 266 283 286 295 296 302 310 319 321 323 326 356 364 381 383 386 402 405 406 407 419 422 446 447 448 451 452 456 459 462 470 486 489 494 495 496 509 510 518 521 535 539 550 568 575 586 590 608 611 629 636 643 651 669 679 681 694 708 713 721 722 728 733 735 737 738 744 745 746 747 757 768 779 789 790 795 797 811 817 835 840 842 849 859 864 865 866 871 876 880 882 891 899 920 922 924 927 930 931 935 941 954 957 958 964 966 970 982 1000 1012 1019 1021 1036 
#31 162
0 21 26 30 32 51 52 57 58 71 72 83 85 98 108 109 111 131 154 160 165 182 183 185 186 193 217 224 233 243 255 262 284 286 292 293 295 296 310 317 319 321 334 351 356 364 369 370 381 383 385 386 404 406 422 429 446 458 462 470 477 479 486 494 495 496 509 510 535 539 550 566 575 586 589 590 608 636 641 643 645 656 659 661 664 673 676 679 681 685 694 708 713 714 722 724 728 729 734 735 737 738 739 742 746 747 748 757 762 764 769 778 779 785 790 795 797 803 811 813 816 817 835 840 842 845 849 851 852 859 863 865 866 876 880 882 887 895 899 920 924 926 927 930 931 935 942 947 950 957 958 964 966 994 997 1000 1001 1010 1012 1021 1024 1032 
#32 159
0 11 18 21 30 51 58 64 66 72 88 98 102 109 111 134 146 154 155 160 162 165 182 186 190 193 195 208 217 219 223 224 233 243 262 271 284 295 310 321 334 343 351 356 357 364 381 383 385 386 392 394 397 398 404 406 418 422 446 448 456 458 462 470 475 477 479 486 488 494 496 499 504 507 509 510 512 518 521 526 535 550 566 575 603 608 638 639 640 643 645 649 664 675 679 681 695 696 704 721 722 724 729 730 734 735 738 742 744 745 747 785 790 792 803 816 817 835 838 842 849 850 852 859 866 875 876 880 882 884 887 899 902 903 922 926 931 935 940 942 944 947 954 957 958 964 970 976 994 997 1000 1001 1010 1014 1018 1021 1031 1032 1034 
#33 28
0 64 111 145 146 214 271 317 323 326 385 394 448 477 507 510 566 673 733 744 835 865 940 963 973 997 1001 1032 
#34 62
0 26 30 39 51 72 85 98 154 231 233 255 258 286 296 343 383 422 446 448 451 459 470 486 495 496 510 518 539 550 586 590 629 643 673 676 679 681 685 694 708 713 733 737 738 746 747 790 797 803 845 859 876 880 883 899 922 931 944 958 966 1021 
#35 216
0 21 30 39 51 52 57 58 65 71 72 83 85 98 102 108 109 111 131 133 153 154 155 160 162 165 182 183 185 186 190 193 208 214 219 224 231 233 239 243 255 258 262 271 274 283 284 286 292 293 295 296 302 310 317 319 321 323 326 334 343 351 356 357 364 369 370 381 383 385 386 402 404 406 407 422 429 440 446 447 448 451 452 458 459 462 470 477 479 486 489 494 495 496 508 509 510 518 521 528 535 539 550 566 575 586 589 590 608 611 629 636 641 643 649 651 656 659 660 664 669 673 676 679 681 685 694 704 708 713 714 721 722 724 728 729 733 734 735 737 738 742 745 746 747 748 757 762 764 768 769 778 779 785 789 790 792 795 797 803 811 816 817 835 840 842 845 849 852 859 864 865 866 871 876 880 882 883 887 891 899 903 913 920 922 924 926 927 930 931 935 940 941 942 944 947 950 954 957 958 964 966 970 973 982 994 997 1000 1001 1010 1012 1019 1021 1024 1032 1036 
#36 64
0 21 30 51 52 57 72 133 154 186 192 232 244 253 255 285 292 310 381 406 424 445 452 478 484 529 539 540 550 552 611 614 631 651 659 677 679 681 691 708 712 713 717 737 740 742 748 768 790 797 804 815 817 833 842 866 882 930 934 941 954 956 973 1019 
#37 49
0 21 51 52 57 98 122 133 185 233 235 258 296 381 407 422 446 470 495 496 539 586 590 611 629 636 643 681 708 713 721 728 737 738 742 790 842 859 864 887 891 899 930 931 954 964 966 1019 1021 
#38 213
0 11 21 30 39 51 52 57 71 83 85 98 104 108 109 111 122 131 154 155 160 165 182 183 185 186 190 192 193 205 208 214 219 224 233 235 237 239 243 255 258 262 266 274 283 292 295 296 298 309 310 319 321 323 343 350 351 356 357 364 369 370 381 383 385 392 402 404 406 407 410 419 422 445 446 447 448 452 456 458 459 462 470 478 486 489 494 495 496 499 509 510 518 521 528 535 539 550 554 566 568 575 576 586 590 603 608 611 629 631 636 641 643 644 645 649 651 653 660 669 673 675 676 679 681 691 696 704 708 713 717 721 722 724 728 730 733 735 737 738 742 744 745 746 747 748 757 762 764 768 769 778 779 785 789 790 792 795 797 811 813 816 817 833 835 840 842 845 847 849 851 859 863 864 865 866 871 876 880 882 887 891 899 920 924 926 927 930 931 934 935 937 940 941 944 947 950 954 957 958 964 966 970 982 1000 1001 1010 1012 1019 1021 1024 1032 1036 
#39 65
0 39 51 57 83 111 185 186 214 255 258 296 310 369 370 405 419 470 486 495 496 509 510 518 535 550 611 629 636 641 643 673 676 679 708 721 728 737 738 742 746 747 790 792 795 797 811 835 842 849 859 880 887 922 924 931 935 944 954 958 964 966 970 982 1021 
#40 190
0 11 21 26 30 51 52 57 65 71 83 85 87 104 109 111 122 129 133 155 156 160 161 165 181 183 185 186 193 199 208 214 219 224 230 231 232 233 235 237 239 258 262 266 274 292 295 296 309 310 321 323 331 334 343 356 364 380 381 383 392 402 405 407 410 419 447 448 452 453 456 458 459 462 469 470 479 486 489 494 499 509 510 517 518 520 535 539 550 553 556 560 568 575 576 586 590 599 611 636 643 645 651 653 659 666 669 673 676 679 685 687 696 708 709 713 721 722 728 729 730 735 737 738 739 742 745 746 747 748 757 769 778 779 785 789 790 792 793 795 797 811 813 816 835 840 842 845 849 852 859 864 865 866 871 876 880 882 887 891 902 910 913 920 924 926 927 930 931 935 941 947 952 953 954 957 958 964 970 973 976 982 997 1000 1012 1019 1021 1036 1039 1043 
#41 123
0 21 30 39 51 52 65 71 83 85 98 109 111 165 183 185 190 208 214 224 233 239 255 258 262 274 283 295 296 310 323 334 343 351 364 369 370 381 383 385 407 446 447 448 452 459 470 479 489 495 496 510 518 539 550 566 575 586 590 608 611 629 636 641 643 651 669 673 676 679 681 685 708 713 721 722 728 729 733 735 737 738 746 747 768 789 790 792 795 797 811 817 840 842 845 859 864 865 876 880 882 887 891 899 922 924 930 931 935 940 941 944 947 954 958 964 966 970 982 1001 1012 1021 1036 
#42 288
0 2 11 21 26 30 32 37 39 51 52 57 58 65 71 72 78 83 85 87 88 98 102 104 108 109 111 122 129 131 133 153 154 155 165 174 181 182 183 185 186 190 193 198 208 214 219 224 230 231 232 233 235 237 239 243 255 258 259 262 264 266 271 272 274 283 284 286 291 292 293 295 296 302 306 309 310 312 317 319 321 323 326 331 334 343 350 351 356 357 364 369 370 381 383 385 386 398 400 402 404 405 406 407 410 419 422 429 438 440 444 446 447 448 451 452 453 454 456 458 459 462 469 470 479 484 486 488 489 494 495 496 499 507 508 509 510 517 518 520 521 528 535 539 550 558 566 568 575 576 582 586 589 590 599 603 604 605 608 611 629 633 636 641 642 643 644 645 651 653 659 664 669 673 676 678 679 681 683 685 694 695 704 708 713 714 721 722 724 728 729 730 733 734 735 737 738 739 742 744 745 746 747 748 751 757 762 764 768 778 779 785 789 790 792 795 797 803 811 813 817 830 835 840 842 845 849 851 859 863 864 865 866 871 876 880 882 883 887 891 895 899 903 905 911 913 920 922 924 926 927 930 931 935 940 941 942 944 947 950 952 954 957 958 963 964 966 970 973 978 982 991 994 996 997 998 1000 1001 1007 1010 1012 1019 1021 1024 1032 1036 1043 1045 
#43 137
0 2 21 26 30 32 39 51 52 58 72 85 98 102 108 131 153 154 162 182 183 185 193 199 208 217 224 231 233 243 255 271 283 284 286 293 296 306 307 317 326 334 343 351 357 369 370 381 383 386 394 406 407 422 429 440 446 451 470 477 479 488 495 496 507 508 512 524 526 539 566 579 586 589 590 603 605 633 641 649 673 676 681 685 694 704 708 713 714 728 729 733 734 735 737 738 739 742 746 747 762 764 768 785 790 797 803 813 817 842 859 864 876 883 891 895 899 905 922 926 930 931 935 942 950 958 964 966 973 976 978 984 994 997 1019 1021 1024 
#44 90
0 21 51 65 71 83 111 122 185 190 193 208 214 224 232 233 239 262 274 283 292 295 296 310 323 334 343 351 370 385 404 405 407 419 447 448 452 459 470 479 486 489 509 518 535 550 575 590 608 611 636 643 669 681 708 713 735 744 746 789 790 792 795 835 842 845 849 859 865 876 887 924 930 931 935 940 941 944 947 954 957 958 964 970 982 1001 1012 1019 1021 1036 
#45 97
0 51 52 65 71 109 111 122 165 183 185 186 190 214 232 233 239 262 274 283 292 295 296 309 310 323 334 351 364 370 383 385 404 419 447 448 452 456 459 470 486 489 495 496 509 510 518 550 566 575 590 608 636 643 669 681 708 713 721 722 729 735 737 738 742 744 748 789 790 792 795 817 835 840 842 845 849 859 865 876 887 924 930 931 935 940 941 947 957 958 966 970 1000 1001 1019 1021 1036 
#46 190
0 2 25 26 31 32 37 52 58 64 65 85 98 100 102 108 131 134 145 154 162 165 182 183 185 186 190 193 199 214 224 230 231 233 260 262 266 271 274 275 282 283 284 286 291 292 302 306 310 312 317 319 323 326 334 351 357 364 369 370 381 385 386 394 400 404 429 440 446 447 448 451 452 453 470 477 479 489 495 496 499 507 508 509 510 518 521 524 528 539 550 566 575 576 577 579 582 586 589 590 599 603 608 621 629 633 637 641 643 649 656 661 664 673 681 694 695 704 708 713 714 721 722 729 730 733 734 735 737 738 739 744 746 747 757 762 764 768 769 789 790 792 797 798 803 813 830 835 840 842 845 849 850 851 859 871 876 891 895 899 903 910 913 922 924 931 935 940 941 942 944 947 950 957 958 966 970 973 974 978 982 984 994 996 1001 1012 1016 1021 1032 1036 
#47 262
0 2 11 21 26 30 32 33 39 51 52 57 58 65 71 72 77 83 85 98 100 104 108 109 111 122 129 131 154 155 156 161 165 167 169 175 183 185 186 190 192 193 205 208 214 224 231 232 233 235 239 243 244 253 255 262 266 274 283 284 285 286 292 293 295 296 298 302 306 309 310 319 321 323 326 334 343 351 356 357 364 369 370 379 380 381 383 385 386 394 400 404 405 406 407 419 422 429 445 446 447 448 451 452 456 459 462 469 470 479 484 486 488 489 495 496 499 508 509 510 518 521 524 528 529 535 539 540 550 553 558 560 566 568 575 576 579 586 589 590 599 603 608 611 614 629 631 633 636 641 643 649 651 656 659 660 664 666 669 673 676 679 681 685 687 694 708 709 713 714 717 721 722 724 728 729 730 733 734 735 737 738 739 744 745 746 747 748 764 768 789 790 792 793 795 797 803 804 811 813 815 817 833 840 842 845 849 852 859 863 864 865 866 871 876 880 882 887 891 895 899 910 913 920 922 924 927 930 931 934 935 940 941 942 944 947 950 953 954 956 957 958 963 964 966 970 973 976 978 982 984 997 1000 1001 1010 1012 1019 1021 1032 1034 1036 1039 
#48 128
0 21 26 30 39 51 52 57 65 71 98 109 111 122 165 183 185 186 190 193 208 214 224 232 233 235 239 255 258 262 274 283 295 296 310 323 343 364 369 370 381 385 407 419 447 448 452 456 459 470 479 486 489 495 509 510 518 535 539 550 566 575 586 590 608 611 629 636 641 643 651 673 676 679 708 713 721 722 728 729 733 735 737 738 742 744 746 747 748 768 789 790 792 795 811 817 835 840 842 845 849 859 864 865 876 880 882 887 899 922 924 930 931 935 940 947 954 958 964 966 970 982 1000 1001 1012 1019 1021 1036 
#49 164
0 2 21 26 28 30 32 51 52 57 92 98 108 109 122 133 134 154 161 165 182 183 185 190 193 219 230 231 233 235 237 258 276 286 289 295 296 306 307 310 321 323 334 357 369 379 381 383 386 402 419 422 429 446 451 456 459 462 470 486 490 494 495 496 503 509 510 517 524 535 538 539 550 568 579 580 586 590 599 605 611 621 625 629 633 636 643 649 651 654 655 656 659 679 681 685 708 713 714 717 721 728 733 737 738 739 742 746 747 762 764 768 779 789 790 802 803 811 812 817 835 842 846 859 864 865 876 880 882 883 887 888 891 895 899 900 905 910 913 918 922 930 931 935 941 954 958 964 966 967 968 970 973 976 978 982 984 985 991 1000 1010 1016 1019 1021 
#50 118
0 11 26 30 32 39 51 52 58 72 83 85 98 100 102 153 155 165 182 183 185 186 193 217 231 233 243 255 271 284 293 296 302 312 321 323 326 334 343 357 381 383 406 438 440 446 447 451 469 470 495 496 518 539 550 603 617 629 642 643 649 651 676 681 685 694 708 713 714 729 733 734 735 737 738 745 746 748 751 762 764 768 785 789 790 797 803 816 830 842 849 851 859 864 876 883 884 891 895 899 922 930 931 935 942 944 958 964 966 973 982 994 1000 1018 1021 1036 1043 1045 
#51 138
0 21 26 30 39 51 52 57 71 83 85 98 109 111 122 165 183 185 186 193 208 214 224 232 233 235 239 255 258 274 283 292 295 296 302 309 310 323 334 343 351 356 364 369 370 383 405 419 447 448 452 456 459 470 479 486 495 496 509 510 518 535 539 550 566 568 575 590 608 611 629 636 641 643 651 669 673 676 679 681 685 708 713 721 724 728 729 735 737 738 742 744 746 747 748 789 790 792 795 797 811 817 835 842 845 849 859 864 865 876 880 882 887 899 920 922 924 930 931 935 940 941 944 947 954 957 958 964 966 970 973 982 1000 1001 1012 1019 1021 1036 
#52 28
0 13 75 192 244 253 365 424 442 478 529 540 614 631 675 677 691 712 717 740 804 815 833 847 934 937 956 999 
#53 60
0 26 30 39 85 98 183 185 193 233 255 258 286 296 310 334 357 369 383 407 446 470 495 496 510 539 550 590 629 636 641 673 676 681 685 708 713 728 733 735 737 738 746 747 768 790 797 803 842 845 859 864 891 899 931 935 944 964 966 1021 
#54 16
0 180 265 314 338 352 483 600 663 686 770 788 796 867 898 1031 
#55 113
0 21 26 30 39 51 52 57 83 85 98 111 165 183 185 193 208 233 235 239 255 258 262 283 295 296 310 323 343 351 364 369 381 383 407 419 446 448 452 459 470 479 486 495 496 509 510 518 535 539 550 566 586 590 611 629 636 641 643 669 673 676 679 681 685 708 713 721 728 733 735 737 738 742 746 747 748 768 789 790 797 811 817 835 842 845 849 859 864 865 876 880 882 887 891 899 922 924 930 931 935 941 944 947 954 958 964 966 970 1000 1012 1021 1036 
#56 194
0 21 26 30 32 39 51 58 64 65 71 72 83 85 87 88 98 111 122 129 131 146 153 154 155 174 181 185 186 190 193 208 214 230 231 232 233 235 237 239 255 262 266 274 283 286 293 295 296 302 306 310 317 319 321 323 334 343 351 356 357 364 370 381 383 385 386 400 404 405 406 407 419 422 429 440 446 447 448 451 452 453 459 462 469 470 477 479 486 489 495 496 499 509 512 517 518 521 539 550 566 568 575 576 586 590 599 603 608 611 636 641 664 669 673 676 679 681 685 694 695 708 713 722 728 729 730 733 735 737 738 744 746 747 757 762 768 769 785 789 790 792 795 797 803 811 813 817 835 840 842 845 849 850 859 863 865 871 876 880 883 887 891 895 899 903 913 924 926 927 930 931 935 940 944 947 954 957 958 963 964 966 970 973 976 982 994 1001 1012 1019 1021 1024 1032 1036 
#57 24
0 2 27 51 230 237 310 422 429 459 517 518 568 577 586 599 714 739 789 931 936 970 978 996 
#58 237
0 11 21 26 30 39 51 52 57 58 65 71 72 77 83 85 98 100 104 108 109 111 122 129 131 154 155 156 161 165 169 175 183 185 186 190 193 208 214 224 231 232 233 235 239 243 255 258 262 266 274 283 284 286 292 293 295 296 302 306 307 309 310 319 321 323 334 343 351 356 357 364 369 370 380 381 383 385 386 394 400 404 405 407 419 422 429 444 446 447 448 451 452 456 459 462 469 470 479 484 486 489 495 496 499 508 509 510 518 521 528 535 539 550 553 558 560 566 568 575 576 577 586 589 590 599 603 605 608 611 629 636 641 643 651 656 659 660 664 666 669 673 676 679 681 685 687 694 708 709 713 714 721 722 724 728 729 730 733 735 737 738 739 744 745 746 747 748 762 764 768 789 790 792 793 795 797 803 811 813 817 840 842 845 849 859 863 864 865 866 871 876 880 882 887 891 899 900 905 910 913 920 922 924 927 930 931 935 940 941 944 947 950 953 954 957 958 963 964 966 967 970 973 976 982 984 997 1000 1001 1010 1012 1019 1021 1032 1034 1036 1039 
#59 12
0 156 161 550 553 560 666 687 709 910 953 1039 
#60 9
0 55 56 128 388 564 815 830 937 
#61 5
0 136 205 276 793 
#62 130
0 21 30 39 51 52 65 71 83 85 104 109 111 122 165 185 186 190 193 208 214 224 232 233 239 255 258 262 274 283 286 292 296 310 323 334 343 351 364 369 370 383 404 405 407 419 422 448 452 459 469 470 479 486 489 495 499 509 510 518 539 550 568 575 586 590 608 611 629 636 643 669 673 676 681 685 694 708 713 724 728 730 735 737 738 742 744 746 747 748 789 790 792 795 811 835 840 842 849 859 864 865 866 871 876 887 891 899 920 924 930 931 935 940 944 947 954 957 958 964 966 970 982 997 1001 1012 1019 1021 1032 1036 
#63 128
0 11 14 21 51 65 71 83 87 88 104 111 122 129 146 149 151 185 190 193 208 214 224 232 233 237 239 262 274 276 283 292 295 296 302 310 323 331 334 343 351 370 385 398 400 404 405 407 419 422 444 447 448 452 453 454 459 469 470 479 486 489 499 503 509 518 535 550 568 575 576 590 608 611 625 636 643 669 678 681 696 708 713 730 735 744 746 778 789 790 792 795 835 842 845 849 859 865 866 876 887 888 905 919 920 924 930 931 935 940 941 944 947 952 954 957 958 963 964 970 982 997 1001 1012 1019 1021 1032 1036 
#64 29
0 37 134 185 214 231 233 323 448 479 496 508 509 510 566 589 656 673 681 708 722 729 747 803 891 931 958 973 974 
#65 86
0 26 30 39 52 57 71 98 109 122 165 185 193 214 232 233 235 239 255 296 310 323 334 343 369 381 383 407 419 446 452 459 470 489 495 496 509 510 518 535 539 550 586 590 608 611 636 651 669 673 681 708 713 721 722 728 733 738 746 747 768 790 795 835 840 842 859 865 876 880 882 891 899 922 924 931 935 941 944 954 958 964 966 970 1012 1021 
#66 15
0 30 217 219 321 397 462 649 679 816 838 859 902 958 994 
#67 227
0 13 21 26 30 32 39 52 55 58 64 65 71 83 85 87 88 98 102 103 108 111 122 131 133 134 146 154 160 165 174 183 185 186 190 192 193 208 214 224 232 233 239 243 255 258 262 271 274 283 284 286 292 293 295 296 302 309 310 319 323 326 332 334 351 356 357 364 369 370 381 383 385 386 400 404 405 406 407 410 419 422 429 446 447 448 451 452 453 454 456 458 459 464 470 486 489 494 495 496 499 507 509 510 518 521 528 535 539 550 558 559 566 575 576 586 590 603 608 611 618 629 636 637 639 641 643 644 645 649 651 656 658 669 676 679 681 685 691 694 704 708 713 714 722 724 728 729 730 733 735 737 738 739 742 744 745 746 747 748 757 762 764 768 769 778 779 789 790 792 795 797 803 811 813 817 835 840 842 845 849 859 863 864 865 866 871 876 882 883 887 891 895 899 903 920 922 924 926 927 930 931 935 937 940 942 944 947 952 954 957 958 963 964 966 970 973 982 989 994 1000 1001 1012 1021 1024 1032 1036 
#68 57
0 30 51 108 109 165 183 186 193 233 295 356 364 369 456 470 486 495 509 510 535 539 550 636 641 660 679 681 713 721 724 737 738 747 748 785 789 790 811 817 835 845 849 866 876 880 882 920 926 930 931 947 950 958 966 1000 1021 
#69 135
0 21 26 30 39 51 52 57 65 71 85 98 109 111 122 165 183 185 186 208 214 224 232 233 235 255 258 262 274 283 292 295 296 310 323 334 343 351 364 369 381 383 385 407 419 446 447 448 452 456 459 470 479 486 489 495 496 509 510 518 535 539 550 566 575 586 590 608 611 629 636 641 643 651 669 673 676 679 681 685 708 713 721 722 728 729 733 737 738 742 744 746 747 768 789 790 792 795 797 811 835 840 842 845 849 859 864 865 876 880 882 887 891 899 922 924 930 931 935 940 941 944 947 954 958 964 966 970 982 1000 1001 1012 1019 1021 1036 
#70 123
0 11 26 30 32 39 51 52 58 72 83 85 98 100 102 153 155 165 182 183 185 186 193 217 231 233 243 244 253 255 271 284 285 293 296 302 312 321 323 326 334 343 357 365 381 383 406 424 440 446 447 451 469 470 495 496 518 529 539 540 550 603 617 629 643 649 651 676 677 681 685 694 708 713 714 729 733 734 735 737 738 745 746 748 762 764 768 785 789 790 797 803 815 816 833 842 849 851 859 864 876 883 884 891 895 899 922 930 931 935 942 944 956 958 964 966 973 982 994 1000 1018 1021 1036 
#71 9
0 95 569 625 655 782 793 812 854 
#72 31
0 25 28 66 72 156 161 289 304 308 380 398 434 454 488 550 553 560 596 625 666 687 709 766 793 888 910 923 953 1039 1043 
#73 65
0 21 26 30 51 57 72 85 98 154 183 231 233 255 258 286 343 357 364 369 422 446 451 470 479 486 495 496 509 539 550 586 629 636 641 643 676 679 681 685 694 708 713 728 746 747 790 803 813 817 845 849 859 882 883 899 922 931 944 958 964 966 1000 1021 1024 
#74 22
0 21 77 111 146 169 175 208 351 370 400 404 419 447 489 521 550 865 899 940 1001 1034 
#75 82
0 21 30 51 52 57 109 122 165 183 185 186 193 233 255 258 292 295 296 310 323 364 369 452 456 459 470 486 495 509 518 535 539 550 575 611 643 651 669 676 679 681 708 713 721 728 733 735 737 738 742 747 748 789 790 811 817 835 842 845 849 859 865 876 880 882 887 899 924 930 931 935 941 947 958 964 970 982 1000 1012 1021 1036 
#76 11
0 164 184 282 454 584 767 830 991 996 1045 
#77 156
0 21 26 30 32 39 51 52 57 72 85 98 102 111 122 131 133 134 154 155 185 186 193 208 214 224 231 233 255 258 262 266 271 284 286 293 295 296 302 306 310 312 317 323 326 334 343 351 357 364 369 381 383 394 402 406 407 422 429 446 447 448 451 452 456 459 469 470 477 479 495 496 507 509 510 518 528 539 550 566 568 575 586 590 608 611 629 636 643 649 651 656 660 673 676 679 681 685 694 704 708 713 714 728 729 733 735 737 738 739 742 745 746 747 762 768 789 790 792 797 803 813 817 835 842 859 864 865 876 882 883 891 899 903 913 924 926 930 931 935 941 944 950 954 958 964 966 970 973 976 994 997 1000 1019 1021 1036 
#78 120
0 21 26 30 39 52 65 83 85 98 111 165 183 186 193 208 214 224 233 239 255 258 274 283 292 295 296 310 323 334 351 364 369 370 381 383 385 407 419 446 447 448 452 456 470 486 495 496 509 510 535 539 550 566 575 586 590 611 629 636 641 643 651 669 676 679 681 685 708 713 722 728 729 733 735 737 738 742 746 747 748 768 789 790 792 795 797 811 817 835 840 842 845 849 859 864 865 876 882 887 891 899 922 924 930 931 935 940 944 947 954 958 964 966 982 1000 1001 1012 1021 1036 
#79 36
0 26 85 154 185 231 310 334 343 383 446 459 470 510 518 550 643 673 676 679 685 708 713 728 747 797 813 859 864 899 924 944 958 966 976 997 
#80 147
0 21 58 64 65 66 71 72 77 87 88 100 101 102 108 111 122 129 145 146 160 165 169 174 175 185 190 193 194 208 214 224 232 233 237 239 255 262 266 271 274 283 286 296 310 317 319 323 351 364 370 385 394 398 400 402 404 405 410 422 434 447 448 452 453 456 458 469 470 486 489 495 499 507 509 510 518 521 550 566 568 575 576 590 599 603 608 625 636 643 651 664 669 673 676 679 681 708 713 722 729 730 733 735 738 742 744 746 757 778 779 789 790 792 795 813 817 835 840 842 851 859 865 871 876 887 899 924 927 931 935 940 941 944 947 957 963 964 966 969 970 1001 1012 1019 1021 1032 1034 
#81 61
0 26 30 39 72 85 154 165 231 255 286 296 310 334 343 357 369 383 407 446 451 459 470 479 495 496 510 539 550 586 590 629 636 641 673 676 681 685 694 708 713 728 733 737 738 746 790 797 803 859 864 883 891 899 924 944 954 958 964 966 1021 
#82 20
0 28 92 276 289 490 503 538 580 599 625 654 655 717 802 812 888 918 968 991 
#83 175
0 2 21 26 33 39 51 52 57 71 72 83 87 98 109 111 122 131 133 154 155 165 167 181 182 183 185 186 193 208 214 217 223 224 231 232 233 235 239 243 244 253 255 262 284 285 286 292 293 295 296 310 317 321 323 326 343 351 357 364 365 369 381 383 406 410 429 445 446 448 452 469 470 486 488 489 495 496 499 507 509 510 512 518 529 539 540 550 552 579 586 608 611 614 631 633 636 643 649 651 653 669 673 675 676 679 681 685 694 708 713 714 724 728 729 733 734 737 738 742 745 746 747 757 764 768 785 790 795 797 804 811 813 815 816 817 833 835 840 842 846 847 859 864 876 880 882 891 895 899 922 926 930 931 934 935 947 952 954 956 957 958 964 966 970 973 976 984 997 1001 1010 1012 1019 1021 1032 
#84 129
0 11 21 26 30 51 52 57 72 98 109 122 133 154 155 165 182 183 185 186 193 219 231 233 235 258 295 296 310 321 323 343 356 357 364 369 381 383 386 402 406 419 422 446 451 456 458 459 462 470 486 494 495 496 509 510 535 539 550 568 586 590 611 629 636 643 651 659 679 681 685 708 713 714 721 724 728 733 737 738 739 742 745 746 747 768 779 785 789 790 803 811 816 817 835 842 849 852 859 864 865 866 876 880 882 883 887 891 899 922 926 930 931 935 941 944 947 954 958 964 966 970 976 982 994 1000 1010 1019 1021 
#85 167
0 21 51 64 65 71 77 87 88 96 98 102 104 111 122 129 136 145 146 165 169 175 184 185 190 192 193 195 198 205 208 214 230 231 232 233 237 239 255 262 266 274 276 283 286 289 293 302 310 312 319 323 326 331 334 343 351 356 370 385 398 400 402 404 405 410 419 434 448 452 453 459 469 470 479 486 488 489 495 499 503 507 509 510 517 518 521 538 540 550 556 568 575 580 590 599 608 625 636 643 651 664 669 673 678 681 683 708 722 724 728 729 730 735 737 738 744 746 766 789 790 792 795 811 830 835 840 842 845 846 847 859 865 871 876 888 899 920 922 924 926 930 931 935 940 941 944 947 952 954 957 958 964 966 970 973 976 982 997 999 1001 1007 1012 1021 1032 1034 1036 
#86 204
0 11 21 26 30 39 51 52 57 65 71 72 83 85 87 98 104 108 109 111 122 129 133 153 154 165 183 185 186 190 193 199 208 214 219 224 231 232 233 235 239 255 258 262 266 274 284 286 295 296 302 306 309 310 312 317 319 321 323 334 343 356 357 364 369 370 381 383 385 386 392 394 404 405 406 407 410 419 422 440 446 447 448 452 453 456 459 462 469 470 479 486 489 494 495 496 499 509 510 518 521 535 539 550 566 568 575 586 589 590 599 605 608 611 629 636 641 643 644 645 656 660 669 673 676 679 681 685 708 713 714 722 728 729 730 733 735 737 738 739 742 744 746 747 748 757 768 779 785 789 790 792 795 797 803 811 813 817 835 840 842 845 849 859 864 865 866 871 876 882 883 884 887 891 895 899 913 920 924 927 930 931 935 940 941 944 947 950 954 957 958 964 966 970 973 982 997 1000 1001 1012 1019 1021 1032 1036 
#87 275
0 11 21 26 30 32 37 39 51 52 55 56 57 58 65 66 71 72 73 83 85 96 98 102 104 108 109 111 122 128 131 139 153 154 155 160 162 165 182 183 186 193 194 199 208 214 217 219 223 224 231 232 233 235 239 243 255 258 259 264 271 272 276 283 284 286 292 293 295 296 302 306 309 310 317 321 323 326 331 332 334 343 351 356 357 364 369 370 381 383 388 392 394 398 402 405 406 407 418 419 422 429 438 440 444 446 448 451 452 456 458 459 462 469 470 477 479 486 488 489 494 495 496 503 507 508 509 510 517 518 521 524 528 530 535 539 540 550 554 556 564 566 579 586 589 590 596 603 605 608 611 618 625 629 633 636 637 641 643 644 645 649 651 653 660 661 669 673 676 679 681 685 694 696 704 708 713 714 721 724 728 729 733 734 735 737 738 742 743 745 746 747 748 751 757 762 764 766 768 769 778 779 785 789 790 797 803 811 815 816 817 828 830 835 838 842 845 849 851 852 859 864 865 866 871 876 880 882 883 887 891 895 899 902 905 910 920 922 924 926 927 930 931 934 935 937 941 942 944 947 948 950 954 958 964 966 970 973 974 976 982 984 985 991 994 996 997 1000 1010 1012 1019 1021 1024 1036 1045 
#88 309
0 2 11 21 26 27 30 37 39 51 52 56 57 58 65 71 72 73 78 83 85 87 98 99 100 102 104 108 109 111 122 129 133 134 138 153 154 155 160 162 165 168 182 183 185 186 190 193 208 214 217 219 223 224 231 232 233 235 237 239 243 255 258 262 266 270 271 272 274 283 284 286 292 295 296 302 306 309 310 312 317 319 321 323 329 334 343 350 351 356 357 364 369 370 372 381 383 385 386 388 392 394 397 402 404 406 407 410 419 422 440 442 444 446 447 448 451 452 454 455 456 458 459 461 462 469 470 477 479 482 483 485 486 489 494 495 496 499 507 508 509 510 512 518 521 528 535 539 546 550 554 563 564 566 568 575 576 586 589 590 592 599 603 604 608 611 612 629 631 633 636 640 641 643 644 645 646 651 653 656 658 659 660 661 664 669 673 676 679 681 685 693 694 695 696 704 708 713 714 721 722 724 728 729 730 733 734 735 737 738 739 742 743 744 745 746 747 748 751 755 757 764 769 778 779 782 785 789 790 792 795 797 802 803 811 813 815 816 817 827 830 835 840 842 845 846 849 851 852 859 863 864 865 866 867 871 876 880 882 883 884 887 891 899 902 911 913 920 922 924 926 927 930 931 935 937 938 940 941 942 944 947 949 950 954 957 958 964 966 967 970 973 974 976 982 985 994 997 1000 1001 1010 1012 1014 1019 1021 1024 1030 1032 1036 
#89 203
0 11 21 30 51 52 57 65 71 72 77 83 85 87 88 98 104 108 109 111 122 131 133 146 153 154 155 160 165 169 175 182 183 185 186 193 199 217 219 223 232 233 235 258 262 266 274 283 286 292 293 295 296 302 309 310 319 321 323 326 334 343 351 356 364 369 370 381 383 385 392 394 397 400 402 404 405 406 407 410 419 422 429 446 447 448 452 456 458 459 462 470 479 484 486 489 494 495 499 509 518 521 526 528 535 550 575 590 599 603 604 611 629 636 643 644 645 651 659 669 673 676 679 681 685 695 696 704 708 713 721 722 724 728 730 735 737 738 739 742 744 745 746 747 748 757 762 768 769 778 779 785 789 790 792 795 811 813 816 817 835 840 842 845 846 852 859 864 865 876 880 882 883 884 899 920 922 924 926 927 930 931 935 940 941 947 950 954 958 964 966 970 976 982 994 997 1000 1001 1010 1012 1021 1034 1036 
#90 245
0 11 13 21 30 37 39 51 52 55 58 65 71 72 75 83 85 98 100 102 108 109 111 131 133 153 154 155 162 165 181 183 185 190 192 199 208 214 223 224 231 233 239 243 244 253 255 258 262 267 271 274 283 284 286 293 295 296 302 306 310 315 317 323 326 334 335 343 351 356 357 364 365 369 370 381 383 385 386 402 406 407 422 424 440 442 446 447 448 451 452 459 462 470 477 478 479 484 486 488 489 495 496 502 508 510 518 521 528 529 538 539 540 550 556 558 559 566 575 586 589 590 604 605 608 611 614 629 631 636 641 643 649 651 656 659 660 661 669 673 675 676 677 679 681 683 685 691 694 703 704 708 712 713 717 718 721 722 724 728 729 733 734 735 737 738 740 742 746 747 762 764 768 782 789 790 792 795 797 803 804 806 811 815 816 817 833 840 842 845 847 851 854 859 864 865 871 876 880 882 883 884 887 891 899 903 913 920 922 924 930 931 934 935 937 940 941 942 944 947 954 956 957 958 964 966 970 973 974 976 979 982 984 991 994 997 999 1001 1012 1021 1024 1032 1036 1043 1045 
#91 25
0 4 27 66 241 438 470 488 514 538 556 559 561 644 659 751 802 830 846 876 911 931 948 991 1043 
#92 314
0 11 13 18 19 21 26 30 32 37 39 51 52 55 56 57 65 71 72 73 83 85 98 100 104 106 108 109 111 122 129 131 133 151 153 154 155 158 160 165 182 183 184 185 186 190 193 199 208 214 217 219 223 224 231 232 233 235 239 243 255 258 259 262 266 271 272 274 275 283 286 291 292 293 295 296 302 306 307 309 310 312 317 321 323 329 331 332 334 343 356 357 361 364 369 381 383 385 386 392 394 398 402 403 404 405 406 407 410 419 422 429 438 440 444 446 447 448 451 452 454 456 458 459 462 469 470 478 479 486 488 489 494 495 496 499 503 509 510 517 518 521 527 528 530 535 539 550 554 556 558 566 568 572 575 586 590 599 604 605 607 608 611 617 629 636 637 639 641 643 644 645 649 651 653 656 658 660 661 664 669 673 676 679 681 683 685 691 694 696 699 704 708 713 714 717 721 722 724 728 729 730 733 734 735 737 738 739 742 743 744 745 746 747 748 751 757 762 764 768 769 772 778 779 785 789 790 792 795 797 803 811 813 816 817 825 828 830 835 838 840 842 845 846 849 851 852 859 863 864 865 866 871 876 880 882 883 887 891 895 899 902 903 911 913 920 922 924 926 927 930 931 935 936 938 940 941 942 944 947 949 950 954 957 958 964 966 967 970 973 974 976 978 982 991 993 994 996 997 998 1000 1001 1010 1012 1014 1018 1019 1021 1024 1030 1032 1036 1043 1045 
#93 303
0 4 11 13 21 26 27 30 39 51 52 55 56 57 58 65 66 71 72 83 85 87 98 102 104 108 109 111 113 122 129 130 133 151 153 154 155 160 162 165 182 183 184 185 186 190 193 198 208 214 217 219 223 224 230 231 232 233 235 237 239 241 243 255 258 259 262 266 271 272 274 283 284 286 291 292 295 296 302 306 309 310 312 319 321 323 326 334 343 350 351 356 357 364 369 370 381 383 385 386 392 397 400 402 404 405 406 407 410 419 422 438 444 446 447 448 451 452 454 456 458 459 462 469 470 478 479 486 488 489 494 495 496 499 503 509 510 517 518 521 528 535 538 539 550 554 556 558 559 560 561 566 568 575 576 586 590 599 603 604 608 611 629 636 639 641 643 644 645 651 653 658 659 661 664 669 673 676 678 679 681 683 685 691 696 704 708 709 713 714 717 721 722 724 728 729 730 733 734 735 737 738 739 742 743 744 745 746 747 748 751 757 762 768 769 778 779 785 789 790 792 795 797 802 803 811 813 816 817 825 830 835 840 842 845 846 849 851 852 859 863 864 865 866 871 876 880 882 883 884 887 891 899 902 903 911 913 920 922 924 926 927 930 931 935 936 940 941 942 944 947 948 950 952 954 957 958 963 964 966 967 970 973 974 976 982 991 993 996 997 998 1000 1001 1010 1012 1014 1019 1021 1024 1032 1036 1043 1045 
#94 325
0 2 11 18 19 20 21 25 26 30 32 39 51 52 57 58 65 66 71 72 73 83 85 98 99 100 102 104 108 109 111 122 128 129 130 131 133 134 144 146 153 154 155 157 158 160 162 165 168 176 179 180 181 182 183 185 186 193 199 202 208 214 217 219 224 231 232 233 235 237 239 243 255 258 261 262 266 270 271 272 274 275 283 284 286 291 292 293 294 295 296 302 307 309 310 314 317 319 321 323 326 329 334 343 351 356 357 361 364 369 372 379 381 383 385 386 394 397 402 403 405 406 407 419 422 429 440 446 447 448 451 452 456 458 459 461 462 470 475 477 479 482 483 484 485 486 489 494 495 496 499 508 509 510 518 527 528 535 539 546 548 550 554 555 563 566 568 572 575 576 579 586 589 590 592 603 605 607 608 611 629 633 636 639 640 641 643 644 645 646 651 656 657 659 660 661 669 673 675 676 679 681 685 694 696 704 708 713 714 719 721 722 724 728 729 733 734 735 737 738 739 742 743 744 745 746 747 748 755 757 762 764 768 769 779 784 785 789 790 792 795 796 797 803 811 813 816 817 824 827 831 835 838 839 840 842 845 846 849 852 859 863 864 865 866 868 871 876 880 882 883 887 891 895 899 900 902 903 905 920 922 924 925 926 927 930 931 935 938 940 941 942 944 945 947 949 950 954 957 958 964 966 967 970 973 974 975 976 982 994 997 1000 1001 1010 1012 1014 1018 1019 1021 1024 1027 1030 1036 1043 1044 
#95 125
0 2 21 32 51 52 83 84 98 104 122 133 155 165 185 186 193 208 233 235 239 243 246 266 295 296 310 323 330 334 343 356 357 364 381 383 386 402 407 419 422 446 459 470 484 486 495 496 509 510 518 535 539 550 558 568 586 590 611 619 629 636 643 649 660 673 681 684 685 708 713 714 721 722 728 729 733 735 737 738 739 742 746 747 748 762 764 779 790 795 797 811 842 845 849 859 864 876 880 882 884 887 891 895 899 913 926 930 931 935 939 944 947 954 958 963 964 966 976 997 1000 1019 1021 1022 1029 
#96 323
0 2 11 18 19 21 26 27 30 32 39 41 51 52 53 57 58 65 71 72 73 83 85 87 96 98 99 104 108 109 111 117 122 129 131 133 146 153 154 155 157 158 160 162 165 180 182 183 185 186 190 193 208 214 217 219 220 221 223 224 230 231 232 233 235 237 239 243 251 255 258 261 262 264 266 268 270 271 274 275 283 284 286 292 293 295 296 302 306 309 310 314 317 319 321 323 329 334 335 343 350 351 352 356 357 361 364 369 370 372 381 383 385 386 392 397 402 404 405 406 407 410 419 422 429 435 437 444 446 447 448 451 452 456 458 459 461 462 469 470 476 479 482 484 485 486 489 494 495 496 499 508 509 510 517 518 519 521 527 528 535 539 546 550 554 566 568 572 575 576 577 586 590 592 599 603 604 608 611 629 633 636 641 643 644 645 651 653 659 660 661 664 669 673 676 679 681 685 686 693 694 696 699 704 708 713 714 721 722 724 728 729 730 733 734 735 737 738 739 741 742 744 745 746 747 748 751 757 764 768 769 778 779 784 785 789 790 792 795 797 803 811 813 816 817 820 830 831 835 840 842 845 849 851 852 859 863 864 865 866 871 876 880 882 883 884 887 891 895 899 902 909 911 913 920 922 924 925 926 927 930 931 935 936 938 940 941 942 944 947 948 949 950 954 957 958 964 966 967 970 973 974 975 976 978 982 991 996 997 1000 1001 1010 1012 1014 1015 1018 1019 1021 1024 1030 1032 1036 1043 
#97 30
0 6 63 97 204 225 245 297 328 345 431 436 450 490 571 587 613 654 670 725 754 774 862 877 915 918 929 968 1013 1028 
#98 19
0 6 8 68 97 225 245 328 345 450 490 497 571 654 725 754 862 968 1028 
#99 26
0 6 8 63 68 204 225 245 328 345 436 450 490 497 571 587 613 654 670 692 725 774 862 929 968 1028 
#100 28
0 6 8 43 63 68 204 225 245 297 328 345 450 490 497 571 587 654 670 692 725 774 862 918 929 968 1013 1028 
