#1 793 0 0.03000 0 	 0 0 15 39 4
#2 793 0 0.03000 0 	 0 0 40 84 3
#3 793 0 0.00000 0 	 0 0 13 12 2
#4 793 0 0.04000 0 	 0 0 91 199 3
#5 793 0 0.05000 0 	 0 0 101 217 3
#6 793 0 0.03000 0 	 0 0 31 60 3
#7 793 0 0.03000 0 	 0 0 27 55 3
#8 793 0 0.02000 0 	 0 0 15 27 3
#9 793 0 0.03000 0 	 0 0 34 70 3
#10 793 0 0.00000 0 	 0 0 24 23 2
#11 793 0 0.00000 0 	 0 0 3 2 2
#12 793 0 0.02000 0 	 0 0 7 11 3
#13 793 0 0.04000 0 	 0 0 86 198 3
#14 793 0 0.02000 0 	 0 0 33 63 3
#15 793 0 0.04000 0 	 0 0 85 177 3
#16 793 0 0.00000 0 	 0 0 41 40 2
#17 793 0 0.04000 0 	 0 0 114 273 3
#18 793 0 0.04000 0 	 0 0 95 211 3
#19 793 0 0.03000 0 	 0 0 59 150 3
#20 793 0 0.02000 0 	 0 0 30 57 3
#21 793 0 0.04000 0 	 0 0 100 199 3
#22 793 0 0.03000 0 	 0 0 79 161 3
#23 793 0 0.00000 0 	 0 0 50 49 2
#24 793 0 0.04000 0 	 0 0 104 231 3
#25 793 0 0.04000 0 	 0 0 91 194 3
#26 793 0 0.04000 0 	 0 0 95 189 3
#27 793 0 0.03000 0 	 0 0 107 262 3
#28 793 0 0.00000 0 	 0 0 54 53 2
#29 793 0 0.00000 0 	 0 0 30 29 2
#30 793 0 0.03000 0 	 0 0 79 156 3
#31 793 0 0.03000 0 	 0 0 46 93 3
#32 793 0 0.03000 0 	 0 0 62 139 3
#33 793 0 0.00000 0 	 0 0 2 1 2
#34 793 0 0.00000 0 	 0 0 3 2 2
#35 793 0 0.02000 0 	 0 0 14 30 3
#36 793 0 0.04000 0 	 0 0 113 223 3
#37 793 0 0.00000 0 	 0 0 14 13 2
#38 793 0 0.02000 0 	 0 0 12 21 3
#39 793 0 0.04000 0 	 0 0 71 140 3
#40 793 0 0.05000 0 	 0 0 87 180 3
#41 793 0 0.00000 0 	 0 0 10 9 2
#42 793 0 0.02000 0 	 0 0 15 40 3
#43 793 0 0.03000 0 	 0 0 37 70 3
#44 793 0 0.01000 0 	 0 0 23 22 2
#45 793 0 0.00000 0 	 0 0 23 22 2
#46 793 0 0.04000 0 	 0 0 155 323 3
#47 793 0 0.04000 0 	 0 0 101 208 3
#48 793 0 0.01000 0 	 0 0 18 17 2
#49 793 0 0.04000 0 	 0 0 162 389 3
#50 793 0 0.05000 0 	 0 0 125 252 3
#51 793 0 0.03000 0 	 0 0 72 144 3
#52 793 0 0.00000 0 	 0 0 11 10 2
#53 793 0 0.00000 0 	 0 0 14 13 2
#54 793 0 0.01000 0 	 0 0 22 21 2
#55 793 0 0.00000 0 	 0 0 26 25 2
#56 793 0 0.03000 0 	 0 0 53 106 3
#57 793 0 0.01000 0 	 0 0 13 12 2
#58 793 0 0.03000 0 	 0 0 18 32 3
#59 793 0 0.00000 0 	 0 0 11 10 2
#60 793 0 0.00000 0 	 0 0 16 15 2
#61 793 0 0.00000 0 	 0 0 6 5 2
#62 793 0 0.03000 0 	 0 0 36 70 3
#63 793 0 0.03000 0 	 0 0 39 75 3
#64 793 0 0.03000 0 	 0 0 19 35 3
#65 793 0 0.00000 0 	 0 0 10 9 2
#66 793 0 0.00000 0 	 0 0 10 9 2
#67 793 0 0.02000 0 	 0 0 10 17 3
#68 793 0 0.00000 0 	 0 0 6 5 2
#69 793 0 0.00000 0 	 0 0 16 15 2
#70 793 0 0.02000 0 	 0 0 15 27 3
#71 793 0 0.03000 0 	 0 0 16 29 3
#72 793 0 0.02000 0 	 0 0 17 45 4
#73 793 0 0.00000 0 	 0 0 18 17 2
#74 793 0 0.00000 0 	 0 0 9 8 2
#75 793 0 0.00000 0 	 0 0 7 6 2
#76 793 0 0.00000 0 	 0 0 53 52 2
#77 793 0 0.05000 0 	 0 0 111 262 3
#78 793 0 0.00000 0 	 0 0 45 44 2
#79 793 0 0.04000 0 	 0 0 70 136 3
#80 793 0 0.03000 0 	 0 0 78 169 3
#81 793 0 0.00000 0 	 0 0 7 6 2
#82 793 0 0.00000 0 	 0 0 39 38 2
#83 793 0 0.04000 0 	 0 0 86 172 3
#84 793 0 0.03000 0 	 0 0 82 191 3
#85 793 0 0.03000 0 	 0 0 25 46 3
#86 793 0 0.04000 0 	 0 0 63 122 3
#87 793 0 0.04000 0 	 0 0 150 331 3
#88 793 0 0.04000 0 	 0 0 63 122 3
#89 793 0 0.04000 0 	 0 0 87 250 3
#90 793 0 0.04000 0 	 0 0 114 266 3
#91 793 0 0.06000 0 	 0 0 97 207 3
#92 793 0 0.04000 0 	 0 0 81 167 3
#93 793 0 0.05000 0 	 0 0 104 228 3
#94 793 0 0.03000 0 	 0 0 82 216 3
#95 793 0 0.04000 0 	 0 0 75 147 3
#96 793 0 0.04000 0 	 0 0 70 137 3
#97 793 0 0.03000 0 	 0 0 70 140 3
#98 793 0 0.00000 0 	 0 0 38 37 2
#99 793 0 0.00000 0 	 0 0 27 26 2
#100 793 0 0.03000 0 	 0 0 42 120 4
