100
#1 15
0 2 64 71 172 297 348 505 514 520 543 585 721 734 768 
#2 40
0 2 8 51 64 71 92 121 171 213 245 293 348 365 385 409 425 434 441 491 505 514 520 529 538 555 556 559 585 594 627 639 645 649 711 721 735 768 771 776 
#3 13
0 64 80 121 171 409 416 505 514 520 543 689 721 
#4 91
0 2 26 48 51 53 56 60 64 68 71 80 99 110 117 121 139 155 171 172 182 187 202 211 213 214 237 267 269 280 283 297 341 348 353 365 373 381 398 409 420 424 425 430 434 435 437 449 452 462 467 501 505 514 520 522 528 529 538 543 559 566 573 575 576 585 594 602 617 627 639 641 645 649 677 683 696 701 708 711 714 721 726 734 740 750 752 758 766 768 776 
#5 101
0 1 2 8 15 48 53 56 60 64 68 71 78 89 94 99 117 135 139 144 171 172 175 185 206 213 237 245 246 250 260 282 283 293 297 308 319 335 336 341 347 348 353 362 364 365 385 398 409 415 416 418 425 434 441 449 455 456 470 482 491 501 505 512 514 520 522 529 531 540 543 559 575 585 593 605 606 609 627 631 642 645 649 675 686 689 699 701 710 721 725 726 734 735 741 746 752 767 768 771 790 
#6 31
0 36 37 64 71 117 162 213 237 280 293 297 308 347 348 365 409 425 449 505 514 520 529 538 585 597 599 627 629 649 686 
#7 27
0 64 68 80 121 171 245 347 348 365 409 416 425 434 505 514 520 528 543 559 585 639 649 689 711 721 768 
#8 15
0 36 37 64 162 213 237 280 308 347 348 425 538 599 649 
#9 34
0 51 53 64 68 71 121 171 297 348 364 365 409 425 434 449 452 467 505 514 520 528 529 559 585 594 639 649 701 711 721 726 766 776 
#10 24
0 64 68 71 171 237 297 348 364 365 425 434 505 514 520 528 529 559 585 649 701 711 721 768 
#11 3
0 101 156 
#12 7
0 44 101 156 180 349 378 
#13 86
0 1 12 14 24 41 48 52 59 83 89 112 120 123 135 138 139 165 170 175 191 195 206 212 220 239 246 250 283 316 337 338 357 382 396 398 407 418 424 427 430 450 451 455 462 464 465 482 496 497 501 503 521 524 531 534 537 540 550 553 556 591 600 605 612 616 619 621 631 634 642 651 674 684 687 690 702 705 706 733 736 751 767 772 775 790 
#14 33
0 1 14 83 112 135 191 195 206 285 316 382 396 418 430 450 465 470 482 501 503 521 553 600 605 619 621 631 651 684 699 706 752 
#15 85
0 5 14 56 59 60 83 89 92 110 114 120 125 138 161 174 175 182 186 214 220 226 239 240 250 267 297 304 322 338 351 363 373 381 385 390 398 407 424 430 435 441 450 456 459 460 467 491 496 503 524 534 537 543 544 550 553 555 576 577 601 612 615 628 630 635 641 642 645 653 667 674 681 684 697 708 722 732 733 740 751 752 758 778 790 
#16 41
0 1 59 83 120 135 138 170 175 195 206 212 319 337 338 367 382 398 430 450 451 462 465 470 482 503 537 553 558 591 605 621 631 634 645 674 699 702 736 752 790 
#17 114
0 1 14 27 52 56 59 83 89 107 112 120 122 123 127 135 138 170 175 188 191 195 206 212 220 239 246 250 260 282 283 285 319 337 338 357 359 362 363 367 382 385 388 393 396 398 407 418 424 427 430 437 450 451 458 462 464 465 470 482 491 496 497 501 503 505 521 531 534 537 540 553 556 561 564 576 591 600 605 612 614 619 621 626 631 634 642 645 651 652 653 670 674 675 684 687 699 700 702 705 706 707 710 715 733 736 746 751 752 761 767 772 775 790 
#18 95
0 1 14 27 52 56 59 83 89 94 112 120 122 123 127 129 135 175 188 191 195 206 220 246 250 260 285 296 297 316 335 351 359 373 382 385 388 393 396 405 407 418 424 430 437 450 451 458 460 464 465 470 482 501 503 505 521 531 537 540 550 553 561 564 600 605 614 619 621 626 631 634 645 650 651 653 656 674 675 684 687 690 697 699 700 702 705 706 707 715 736 752 761 767 775 
#19 59
0 1 14 59 83 107 112 120 123 135 138 170 175 191 195 206 212 285 316 319 337 338 367 382 396 398 430 450 451 462 465 470 482 497 501 503 521 537 553 591 600 605 619 621 631 634 651 670 674 684 699 702 706 736 746 752 772 775 790 
#20 30
0 1 59 83 135 170 175 319 338 398 430 450 462 465 470 482 503 553 558 591 605 621 631 634 645 674 699 702 752 790 
#21 100
0 1 2 14 53 56 59 60 71 83 89 94 107 125 135 170 191 195 206 246 278 282 285 297 301 316 319 322 330 335 338 353 363 367 373 382 385 396 398 407 418 424 430 435 437 450 451 455 464 465 470 482 497 501 503 505 512 521 524 534 537 543 544 550 553 558 576 591 593 600 605 608 621 628 631 634 645 650 653 670 673 674 675 684 697 699 700 706 708 710 724 740 741 746 750 752 761 772 778 790 
#22 79
0 1 12 14 24 41 48 59 83 112 122 135 139 165 170 175 191 206 212 239 250 282 283 285 319 337 357 363 367 382 385 396 398 407 418 424 427 430 450 451 464 465 482 497 501 503 521 524 531 534 537 540 550 553 556 591 600 605 612 616 619 634 642 645 650 651 674 684 687 690 702 705 706 733 751 752 767 775 790 
#23 50
0 1 14 83 107 112 120 135 170 175 191 195 206 285 316 319 337 367 382 396 418 430 450 451 465 470 482 497 503 521 553 558 591 600 605 619 621 631 645 651 670 684 699 702 706 736 752 772 775 790 
#24 104
0 1 27 52 53 56 60 74 83 89 92 94 120 122 127 129 135 170 175 188 191 206 220 246 250 260 282 296 297 319 322 335 342 359 363 373 381 382 385 393 396 398 407 424 430 437 450 455 462 465 470 491 499 501 503 505 524 534 537 546 550 553 555 556 561 564 576 593 600 605 612 614 626 628 631 634 642 645 651 653 656 673 674 675 684 690 697 699 700 702 705 706 708 710 715 733 736 741 746 752 761 777 778 790 
#25 91
0 1 14 27 56 60 83 89 107 120 122 127 135 161 170 175 188 191 221 250 285 316 319 322 335 348 367 381 382 385 388 393 396 418 430 437 450 451 455 458 464 465 467 470 482 497 499 501 512 521 531 537 540 546 553 558 561 564 591 593 600 605 614 617 619 626 634 641 651 652 653 660 670 673 675 684 687 699 700 706 710 715 746 752 758 761 767 772 775 778 790 
#26 95
0 1 12 14 24 41 48 52 59 83 107 112 120 122 123 135 138 139 165 170 175 191 195 206 212 220 239 246 283 285 316 319 337 357 367 382 385 396 398 418 424 427 430 450 451 462 464 465 470 482 496 497 501 503 521 524 531 534 537 550 553 556 558 576 591 600 605 612 616 619 621 626 631 634 645 650 651 653 674 675 684 687 690 699 702 705 706 715 736 746 751 752 772 775 790 
#27 107
0 1 14 56 59 60 83 89 94 107 112 120 122 129 135 170 175 188 191 195 206 220 246 282 283 285 296 316 319 335 337 338 353 359 367 373 382 385 388 393 396 398 407 418 430 437 450 451 455 458 464 465 470 482 491 497 501 503 505 512 521 531 540 543 550 553 558 561 564 576 591 593 600 605 614 619 621 631 634 642 645 651 653 670 673 674 675 684 687 690 697 699 700 702 705 706 708 710 715 741 746 751 752 761 772 775 790 
#28 54
0 1 14 59 83 107 112 120 135 170 175 191 195 206 212 285 316 319 337 367 382 396 418 430 450 451 465 470 482 497 501 503 521 553 558 591 600 605 619 621 631 634 651 670 684 699 702 706 736 746 752 772 775 790 
#29 30
0 1 14 59 83 120 170 175 191 285 316 382 396 450 451 464 465 482 501 521 531 537 553 600 619 634 651 706 752 790 
#30 79
0 1 14 27 56 59 60 83 107 112 120 122 127 135 175 188 191 195 206 212 285 316 319 337 359 362 367 382 385 388 393 396 405 418 430 437 450 451 455 465 470 482 497 503 521 540 553 558 561 564 576 591 593 600 605 614 619 621 631 645 651 653 670 674 675 684 699 700 702 706 710 715 736 746 752 761 772 775 790 
#31 46
0 1 27 56 83 89 127 175 188 220 250 296 319 322 335 359 385 388 393 405 407 437 450 458 465 491 501 537 540 553 561 564 612 614 626 634 645 653 674 700 705 707 715 752 761 790 
#32 62
0 1 56 59 60 83 89 94 107 135 170 175 191 239 282 283 285 319 335 367 382 385 396 398 407 418 430 437 450 455 464 465 470 482 497 503 505 521 553 558 591 593 600 605 634 645 674 675 684 687 699 700 702 706 710 715 741 746 751 752 761 790 
#33 2
0 377 
#34 3
0 206 352 
#35 14
0 272 435 539 609 693 720 731 756 757 764 781 783 785 
#36 113
0 1 14 34 55 56 59 62 71 83 88 95 107 112 120 122 123 127 129 135 138 144 173 174 175 191 195 206 212 246 250 272 285 326 337 338 352 362 367 381 382 385 396 397 398 418 430 435 442 445 450 451 462 464 465 470 474 482 496 497 501 502 503 505 521 523 524 537 539 550 553 556 558 566 587 591 600 605 609 612 619 621 624 628 631 634 650 651 670 674 684 690 693 699 702 704 706 712 720 731 735 736 741 746 752 756 757 772 775 781 783 785 790 
#37 14
0 113 178 183 201 243 300 542 566 573 601 681 738 780 
#38 12
0 113 178 183 201 300 542 566 573 601 681 738 
#39 71
0 5 12 14 15 71 83 113 120 123 129 138 178 183 191 195 201 206 212 239 246 285 300 304 337 351 373 382 396 407 424 430 449 450 462 465 470 487 499 501 502 521 531 534 553 556 566 573 601 605 615 621 631 634 642 645 651 680 681 690 702 705 706 721 736 738 744 752 775 780 790 
#40 87
0 5 7 12 14 15 30 47 71 77 83 85 104 113 120 123 129 138 178 183 191 195 201 206 212 238 239 246 250 285 300 304 337 351 373 382 396 407 424 430 449 450 462 465 470 487 491 499 501 502 509 521 531 534 553 556 566 573 601 605 608 615 621 629 631 633 634 642 645 651 680 681 690 702 705 706 708 721 735 736 738 740 744 752 775 780 790 
#41 10
0 279 295 329 358 374 410 420 506 723 
#42 15
0 279 281 295 329 343 345 358 366 374 410 413 420 506 723 
#43 37
0 8 15 26 42 67 71 85 122 137 167 185 208 214 278 296 395 460 487 489 507 530 539 541 550 571 608 609 613 618 686 720 724 729 740 750 771 
#44 23
0 15 58 71 99 185 208 264 278 301 379 435 487 539 548 588 606 608 609 618 720 724 740 
#45 23
0 15 58 71 99 185 208 264 278 301 379 435 487 539 548 588 606 608 609 618 720 724 740 
#46 155
0 1 2 5 14 15 27 33 40 42 48 56 58 59 60 64 71 83 89 94 99 107 120 123 126 129 135 144 170 175 188 191 195 202 206 208 212 214 223 239 246 250 260 267 278 282 283 284 285 297 301 319 335 338 341 345 348 359 363 367 370 373 379 381 382 385 396 398 407 416 418 420 423 424 425 430 435 437 450 455 456 460 462 464 465 470 482 487 491 497 501 503 505 512 521 531 534 539 540 546 548 550 553 558 566 576 587 588 591 593 600 605 606 608 609 615 618 619 621 628 631 634 642 643 645 651 653 670 674 675 677 681 684 690 699 700 702 706 708 710 715 720 724 733 740 741 746 752 759 761 767 772 775 787 790 
#47 101
0 1 8 30 55 56 58 71 76 85 99 104 110 114 125 137 145 160 161 167 173 174 185 186 190 199 208 228 246 260 264 278 280 292 301 304 342 348 363 373 379 381 385 395 420 435 445 450 466 487 491 496 507 508 519 521 537 539 542 544 548 550 553 557 566 571 576 588 593 605 606 608 609 613 618 629 630 631 633 645 653 656 661 675 684 690 695 696 697 698 700 701 706 708 713 720 724 740 761 762 787 
#48 18
0 58 71 99 185 208 264 301 379 539 548 588 606 608 609 618 720 740 
#49 162
0 1 2 5 8 14 15 26 42 55 56 58 59 60 83 85 89 92 99 107 112 114 120 123 125 127 135 138 145 146 170 173 174 175 191 195 202 206 212 214 240 246 250 267 278 282 285 288 297 301 304 316 319 330 335 337 338 342 362 363 367 373 382 385 396 398 407 417 418 423 430 435 441 445 450 451 455 456 462 464 465 467 470 482 487 491 496 497 501 503 521 523 531 537 539 543 544 548 550 551 553 556 558 563 566 571 573 575 576 591 593 595 600 605 606 609 613 617 618 619 621 628 631 634 642 645 650 651 656 658 667 670 673 682 684 687 690 692 697 699 700 702 705 706 708 710 712 713 724 729 732 736 746 751 752 759 761 767 772 775 778 790 
#50 125
0 1 14 55 58 59 76 83 89 94 107 112 120 122 123 129 133 135 145 154 155 170 173 175 191 195 206 208 212 220 221 239 246 250 283 285 296 316 319 335 337 355 367 373 382 385 393 396 398 407 418 424 430 436 437 450 451 455 464 465 470 474 482 491 497 499 501 503 521 522 525 531 534 537 540 543 548 550 553 558 564 566 591 600 605 609 612 615 619 621 626 634 642 645 650 651 652 656 660 666 673 674 675 680 684 687 690 699 702 705 706 715 720 736 746 748 751 752 767 772 774 775 778 787 790 
#51 72
0 2 5 42 55 56 63 83 88 104 114 123 125 129 135 170 173 174 186 191 202 206 208 240 246 250 282 285 330 338 342 348 351 355 363 373 385 397 398 420 445 450 456 462 465 466 474 487 491 501 503 544 550 566 606 609 628 645 650 656 666 667 680 696 702 708 720 721 735 748 750 758 
#52 11
0 71 99 158 185 208 435 539 609 618 724 
#53 14
0 7 30 126 199 211 342 448 464 537 595 683 697 704 
#54 22
0 18 70 102 164 216 228 287 314 404 446 469 483 508 516 574 598 611 617 632 716 762 
#55 26
0 7 30 99 126 155 190 199 325 381 420 448 464 487 501 531 563 566 571 613 683 697 704 720 752 765 
#56 53
0 8 18 28 67 70 102 114 122 137 164 197 216 228 238 287 310 314 351 366 395 404 446 459 469 474 483 487 489 508 516 530 531 557 563 574 595 598 601 611 617 630 632 633 659 661 682 685 698 716 724 729 762 
#57 13
0 189 199 202 311 357 495 514 525 608 617 661 696 
#58 18
0 8 189 199 202 311 357 420 495 514 525 608 617 633 659 661 696 729 
#59 11
0 155 168 219 325 469 483 517 563 695 716 
#60 16
0 42 56 60 202 211 330 348 373 456 491 617 645 656 696 752 
#61 6
0 8 420 633 659 729 
#62 36
0 5 17 18 70 102 106 110 155 208 269 279 281 295 297 314 329 343 345 358 366 404 410 420 431 483 487 516 548 557 574 611 612 617 723 762 
#63 39
0 7 30 99 102 110 114 126 132 137 145 155 168 190 197 199 211 297 311 317 325 348 366 448 456 487 499 523 529 530 566 595 628 683 685 720 748 765 767 
#64 19
0 37 75 80 162 168 269 351 373 469 483 517 614 629 646 656 686 696 698 
#65 10
0 1 221 250 465 503 540 626 634 660 
#66 10
0 18 70 102 404 483 516 574 617 762 
#67 10
0 204 400 454 472 492 552 568 570 709 
#68 6
0 118 130 204 492 625 
#69 16
0 10 39 43 224 234 305 318 354 637 663 668 672 679 737 779 
#70 15
0 10 39 43 224 305 318 354 637 663 668 672 679 737 779 
#71 16
0 10 43 224 234 305 318 328 354 637 663 668 672 679 737 779 
#72 17
0 10 39 43 224 234 305 318 328 354 637 663 668 672 679 737 779 
#73 18
0 25 58 64 99 208 303 357 408 429 548 613 617 620 662 720 753 760 
#74 9
0 64 408 429 617 620 662 753 760 
#75 7
0 3 66 244 490 581 747 
#76 53
0 4 6 9 16 34 57 91 95 96 98 119 124 157 169 181 209 215 251 252 256 257 262 265 266 271 273 286 289 290 306 312 331 332 368 380 387 411 412 426 444 447 457 500 547 578 584 638 694 703 718 742 782 
#77 111
0 3 4 9 16 19 21 23 29 34 38 46 69 72 79 82 84 91 95 97 98 105 115 119 124 128 142 152 177 181 196 205 207 210 217 218 222 225 232 235 251 252 253 255 256 259 261 262 265 270 273 274 275 289 290 291 292 299 302 306 312 315 320 323 327 332 333 334 339 340 346 350 360 369 371 372 375 383 399 403 421 426 432 438 447 453 463 468 473 486 488 510 518 565 572 584 596 610 647 678 694 717 718 719 739 742 755 773 782 789 791 
#78 45
0 4 19 21 23 46 79 82 84 97 105 115 128 210 217 235 241 261 270 271 275 277 290 306 323 332 340 372 375 401 403 421 426 438 468 536 590 610 678 717 719 739 782 789 791 
#79 70
0 9 19 34 46 79 84 91 95 96 105 140 142 148 152 177 181 192 207 210 215 222 225 242 251 252 254 255 256 261 265 266 271 273 274 289 290 291 292 306 312 313 320 332 346 350 368 369 401 403 411 412 421 426 433 447 466 526 536 565 572 584 638 640 657 694 703 717 718 773 
#80 78
0 4 9 16 19 21 23 29 38 46 57 79 82 84 91 95 97 98 105 119 128 142 148 152 181 192 205 207 209 210 222 225 235 242 252 255 256 261 262 265 266 273 274 286 289 290 291 302 306 320 332 346 350 368 371 372 375 401 403 411 426 433 438 453 526 536 547 572 584 610 647 678 717 718 754 773 782 789 
#81 7
0 119 229 255 391 579 745 
#82 39
0 19 23 79 95 97 115 128 181 205 217 232 261 274 275 291 302 323 339 340 346 371 372 375 421 432 438 453 572 584 590 610 647 717 718 719 739 773 789 
#83 86
0 4 6 9 16 20 23 29 34 38 57 69 91 95 96 98 119 124 149 151 157 169 179 181 196 209 210 215 222 225 233 242 251 255 256 257 258 259 261 262 266 271 274 286 290 306 324 331 332 356 368 371 372 376 380 383 387 394 401 411 412 426 428 438 444 447 453 457 488 493 500 515 526 547 578 583 584 638 671 694 703 718 745 749 754 782 
#84 82
0 4 19 23 38 69 79 82 91 95 96 97 105 115 128 142 148 169 181 205 209 215 217 218 222 235 251 252 255 256 258 259 261 265 266 273 274 275 277 299 302 312 323 331 332 334 339 340 346 350 360 371 372 375 380 394 399 421 426 432 438 453 468 493 500 510 578 584 590 610 647 678 694 703 717 719 739 742 773 782 789 791 
#85 25
0 3 66 86 111 193 244 292 298 324 372 392 438 443 463 488 490 504 581 583 654 747 782 784 786 
#86 63
0 3 20 21 23 29 46 50 69 79 82 84 95 97 111 119 124 136 149 152 181 193 210 218 225 232 241 253 270 277 289 291 320 324 332 334 340 346 369 375 383 401 403 421 433 438 443 463 468 480 486 510 572 596 647 654 655 718 755 773 782 789 791 
#87 150
0 3 4 6 9 13 16 19 20 21 23 29 34 38 45 46 50 57 79 82 84 87 90 91 95 97 98 100 103 105 111 115 119 124 128 131 142 149 157 169 179 181 192 196 209 210 215 217 222 232 233 235 241 251 252 254 255 256 257 258 259 261 262 265 266 270 271 273 274 275 277 286 289 290 302 306 312 313 315 320 323 324 331 332 339 340 350 356 368 371 372 375 380 387 389 394 401 403 411 421 426 428 432 433 438 443 444 447 453 457 463 468 473 479 480 488 490 493 500 526 536 547 578 580 583 584 589 590 610 638 647 654 655 657 678 694 703 717 718 719 739 742 747 749 754 755 782 786 789 791 
#88 63
0 4 19 21 35 46 69 79 82 86 96 97 108 115 128 148 169 181 205 210 217 222 235 252 253 261 266 270 274 275 277 289 290 291 302 309 313 339 340 346 360 369 372 375 383 389 394 432 438 453 468 526 565 572 584 657 678 717 719 739 773 789 791 
#89 87
0 4 6 9 16 19 20 29 34 38 57 90 91 95 96 98 119 124 128 142 157 169 181 205 207 209 215 222 225 235 241 251 252 255 256 257 258 259 261 262 265 266 271 273 274 286 289 290 302 306 312 315 320 331 332 346 350 368 372 380 387 394 401 403 411 412 426 433 438 444 447 453 457 500 526 547 578 584 603 638 678 694 703 718 742 773 782 
#90 114
0 4 6 9 13 16 19 21 23 29 34 38 46 57 69 72 79 86 91 95 96 98 105 119 124 128 142 148 157 177 181 205 207 209 210 215 217 222 235 241 242 251 252 255 257 258 259 261 265 266 271 273 275 277 286 290 299 302 306 312 315 327 331 332 333 334 339 340 346 350 360 368 369 371 372 380 383 394 399 401 411 426 432 438 447 453 463 468 473 479 488 493 510 518 536 565 572 578 580 584 603 610 638 658 678 694 703 717 718 739 754 755 773 782 
#91 97
0 9 16 19 21 23 29 66 69 72 79 82 84 86 95 97 103 111 115 124 128 131 136 149 151 152 179 181 196 205 210 217 218 232 233 235 252 261 273 274 277 289 290 291 299 302 312 323 324 339 340 346 356 371 372 375 376 380 383 392 406 428 432 438 444 453 468 473 479 488 510 572 583 584 589 590 610 623 640 647 654 655 671 678 688 717 718 719 742 743 745 749 755 773 782 789 791 
#92 81
0 9 16 19 20 21 29 34 45 57 66 69 82 84 90 95 108 119 124 131 136 142 152 157 181 210 218 225 232 241 253 262 265 266 270 271 273 274 275 277 286 289 290 291 292 312 315 320 324 332 334 346 371 375 380 392 401 403 406 412 421 426 433 457 479 486 510 545 572 580 584 590 603 638 647 654 658 703 718 773 789 
#93 104
0 6 9 19 23 38 69 72 79 82 90 91 95 96 97 105 115 124 128 131 142 151 157 169 181 205 209 210 215 217 222 235 236 251 252 255 258 259 261 262 273 274 275 277 290 291 299 302 312 333 334 339 346 356 360 368 371 372 380 383 394 399 426 428 432 438 444 447 453 463 468 473 488 490 500 510 515 518 536 547 565 578 584 586 590 610 647 655 657 678 688 694 703 717 718 719 739 742 743 749 755 773 782 791 
#94 82
0 4 6 9 16 19 34 38 46 91 95 96 98 124 128 142 157 169 181 205 207 209 210 215 222 225 235 242 251 252 255 256 257 258 259 261 262 265 266 271 273 274 289 290 302 306 312 320 331 332 346 350 368 372 380 387 394 401 403 411 412 426 433 438 444 447 453 457 493 500 526 547 578 584 638 678 694 703 718 742 773 782 
#95 75
0 4 6 9 13 16 34 38 57 82 91 95 96 98 103 105 119 124 128 142 148 157 181 205 209 215 222 235 242 251 255 257 258 259 265 273 286 294 299 302 312 331 332 350 360 368 372 380 394 399 401 411 426 438 447 493 536 545 578 584 586 589 603 648 657 669 678 694 703 717 718 739 754 773 782 
#96 70
0 3 4 13 34 35 46 50 82 90 95 105 111 119 124 131 142 147 148 149 151 181 193 196 210 222 225 235 236 255 256 258 265 266 271 273 289 290 294 313 324 332 346 350 360 369 389 438 443 463 480 490 493 504 536 565 586 589 640 648 654 663 678 718 747 770 773 782 784 786 
#97 70
0 9 16 19 20 21 23 29 34 45 57 69 79 82 84 90 95 97 119 124 142 152 157 181 205 210 218 225 232 241 252 261 262 265 266 271 273 289 290 292 302 312 315 332 334 340 346 371 375 380 401 403 412 421 426 432 433 438 457 468 510 572 580 584 603 638 647 703 717 718 
#98 38
0 9 16 20 29 34 57 95 119 124 142 157 181 210 225 241 262 265 266 271 273 289 290 312 315 332 346 380 401 403 412 426 433 457 584 638 703 718 
#99 27
0 9 95 119 192 207 210 215 222 225 242 252 256 257 262 266 271 273 289 312 315 332 401 547 703 718 782 
#100 42
0 4 6 9 16 34 57 91 95 96 124 181 209 215 222 252 255 257 262 290 312 331 368 380 387 394 411 426 444 447 457 493 500 526 578 584 638 694 703 718 742 782 
