100
#1 79
0 8 14 20 29 33 36 47 82 95 116 120 127 131 136 141 142 143 157 160 170 176 191 200 206 214 216 227 233 237 242 269 272 276 280 283 286 289 313 314 336 337 369 372 373 382 392 405 409 417 418 422 423 426 428 437 441 447 476 490 512 520 529 544 554 584 601 603 604 626 636 648 660 685 690 692 723 737 743 
#2 92
0 8 14 20 29 33 36 47 82 95 116 120 126 127 131 136 141 142 157 160 170 176 191 200 214 216 222 223 224 227 233 237 238 242 265 269 272 276 278 280 283 286 289 313 314 331 336 337 340 358 369 372 373 379 382 392 405 409 417 418 422 423 426 428 437 441 447 464 476 490 512 520 529 554 564 584 601 603 604 626 636 648 660 675 681 685 690 692 723 736 737 743 
#3 60
0 4 28 33 35 36 42 98 120 141 143 157 161 176 191 200 206 214 222 227 232 238 240 242 258 263 265 269 276 286 289 293 314 331 340 363 379 382 384 418 426 433 434 437 469 520 554 556 564 568 584 591 602 648 675 681 691 692 723 743 
#4 83
0 7 14 15 19 23 28 33 35 36 39 42 56 60 61 79 83 86 89 92 97 98 112 120 141 143 157 161 176 191 200 205 206 214 217 227 232 238 240 242 258 260 269 276 285 286 289 292 314 315 331 340 354 358 363 374 379 382 426 428 434 437 456 469 520 540 556 564 565 568 584 587 601 648 675 692 714 721 723 734 753 754 755 
#5 113
0 2 7 8 14 15 19 23 28 29 33 36 39 42 45 60 61 68 79 83 86 89 92 94 95 97 99 106 110 112 115 116 120 136 142 150 157 160 170 176 186 200 205 206 224 227 232 233 237 242 246 258 260 269 272 276 278 280 283 285 286 289 292 315 354 357 369 372 373 374 375 382 392 405 423 426 436 437 441 456 457 470 476 520 540 558 565 587 626 636 648 660 676 678 685 690 692 703 714 721 723 727 730 733 736 739 741 742 748 752 753 754 755 
#6 374
0 2 4 5 6 7 8 9 13 14 15 16 17 19 20 23 26 28 29 31 33 34 35 36 39 41 42 46 47 50 54 56 59 60 61 67 68 71 72 73 79 81 82 83 85 86 87 89 90 92 93 94 95 97 98 99 104 106 108 110 112 113 114 115 116 118 120 121 125 127 128 131 132 134 135 136 141 142 143 144 147 148 150 151 152 153 157 158 160 161 162 163 166 167 170 172 173 175 176 177 179 182 184 186 187 191 192 193 200 201 205 206 207 210 211 212 213 214 217 220 222 223 224 225 226 227 228 229 231 232 237 238 239 240 242 243 246 248 254 258 260 261 263 265 268 269 272 273 276 277 278 279 280 281 283 285 286 289 290 291 292 293 296 300 302 306 308 310 313 314 315 319 323 327 329 330 331 334 336 337 340 343 347 349 351 354 356 358 361 363 365 366 368 369 372 373 374 379 382 383 384 387 389 390 392 398 399 405 409 413 414 416 417 418 419 421 422 423 424 426 427 428 429 430 433 434 436 437 438 441 444 446 447 455 456 457 460 461 462 464 466 468 469 470 473 476 478 479 487 490 491 496 499 500 501 502 506 510 511 512 515 520 521 522 523 526 528 529 539 540 544 552 553 554 555 556 557 560 561 562 564 565 568 575 577 578 582 584 585 587 591 592 593 599 600 601 602 603 604 611 614 619 623 626 631 632 635 636 639 640 643 644 647 648 649 652 653 654 656 660 666 667 668 671 672 675 676 678 679 681 683 684 685 686 687 690 691 692 694 695 696 698 700 701 703 705 709 713 714 717 718 719 720 721 723 724 725 727 730 732 733 734 737 739 740 741 742 743 748 750 752 753 754 755 
#7 366
0 4 5 6 7 8 9 13 14 15 16 17 19 20 23 26 28 29 31 33 34 35 36 39 41 42 47 50 54 56 59 60 61 64 67 68 71 72 73 81 82 83 85 86 87 89 90 92 93 94 95 97 98 99 104 106 108 110 112 114 115 116 118 120 121 125 127 128 131 132 134 135 136 139 141 142 143 144 147 148 151 152 153 157 158 160 161 162 163 166 167 170 172 173 175 176 177 179 182 184 186 187 191 192 193 200 201 205 206 207 210 211 212 213 214 217 220 222 223 224 225 226 227 228 229 231 232 237 238 239 240 242 243 246 254 258 260 261 263 265 268 269 272 273 276 277 278 279 280 281 283 285 286 289 290 291 292 293 296 300 302 306 308 310 313 314 319 323 327 329 330 331 334 336 337 340 343 347 349 351 354 356 358 361 363 365 366 368 369 372 373 374 379 382 383 384 387 389 390 392 398 399 405 409 413 414 416 417 418 419 421 422 423 424 426 427 428 429 430 433 434 437 438 441 444 446 447 455 456 457 460 461 462 464 466 468 469 470 473 476 478 479 487 490 491 496 499 500 501 502 506 509 510 511 512 515 520 521 522 523 526 529 539 540 544 552 553 554 555 556 557 560 561 562 564 565 568 575 577 578 582 584 585 591 592 593 599 600 601 602 603 604 611 614 619 623 626 631 632 635 636 639 640 643 644 647 648 649 652 653 654 656 660 666 667 668 671 672 675 676 678 679 681 683 684 685 686 687 690 691 692 694 695 696 698 700 701 703 705 709 713 714 717 718 719 721 723 724 725 727 730 732 733 734 737 739 740 741 742 743 748 750 752 753 754 755 
#8 87
0 2 7 9 14 15 19 23 28 33 35 36 39 42 45 56 60 61 68 92 94 98 112 113 120 141 143 150 157 161 176 186 191 200 206 214 217 227 238 240 242 248 258 269 276 281 286 289 292 314 331 340 354 363 374 379 382 387 426 428 434 437 456 457 469 520 556 564 565 568 584 601 631 648 675 676 678 692 720 723 739 741 742 752 753 754 755 
#9 131
0 4 8 14 20 28 29 33 35 36 42 43 58 90 95 98 114 116 120 127 136 141 142 143 157 160 161 170 176 188 190 191 200 206 214 221 222 227 232 237 238 240 242 258 263 265 269 272 276 283 285 286 288 289 293 307 314 316 325 336 337 340 354 357 363 369 372 373 375 379 382 383 384 392 394 400 403 409 417 418 423 426 428 433 434 435 441 445 459 460 464 467 469 476 486 490 491 511 520 527 532 554 556 564 568 584 591 601 602 603 604 605 630 636 641 648 651 660 675 681 687 690 691 692 702 710 711 723 736 737 743 
#10 10
0 189 202 307 403 467 532 543 641 651 
#11 74
0 8 14 20 29 33 36 47 82 95 116 120 127 131 136 142 143 157 160 170 176 200 206 223 224 227 233 237 242 269 272 276 280 283 286 289 313 314 331 340 369 372 373 379 382 392 405 409 418 422 423 426 428 437 441 447 464 476 512 520 529 544 564 603 604 636 648 660 685 690 692 736 737 743 
#12 76
0 8 20 28 33 36 95 98 116 120 126 131 136 141 143 157 170 176 191 200 214 222 227 232 238 240 242 258 263 265 272 276 286 293 313 314 331 336 340 363 369 372 373 379 382 384 418 422 423 426 433 434 437 476 490 511 520 554 556 564 568 591 602 603 605 626 636 648 675 681 691 692 710 723 737 743 
#13 178
0 4 8 14 20 27 28 29 33 35 36 43 47 58 82 90 95 98 114 116 119 120 126 127 131 136 141 142 143 151 157 160 161 170 176 188 190 191 200 206 214 215 216 217 221 222 223 224 226 227 232 233 237 238 240 242 244 252 258 263 265 269 272 274 276 278 280 283 285 286 288 289 293 299 305 313 314 316 320 325 331 336 337 357 358 363 369 370 372 373 379 382 383 384 392 394 403 405 409 417 418 422 423 426 428 432 433 434 437 441 445 447 449 460 464 469 476 477 481 486 488 490 491 503 511 512 520 527 529 531 538 544 551 554 556 558 561 564 565 568 584 591 594 595 601 602 603 604 605 609 611 612 622 626 630 636 648 660 675 681 682 685 687 690 691 692 697 702 703 710 711 712 723 735 736 737 743 748 
#14 40
0 4 14 27 33 35 90 120 141 170 214 221 258 265 269 289 336 337 372 373 384 394 418 423 434 460 469 476 527 554 564 568 602 603 604 605 648 692 711 736 
#15 105
0 4 8 20 28 29 36 47 52 75 82 116 120 122 130 131 136 141 143 146 157 170 176 191 200 206 209 214 217 222 224 226 227 232 237 238 240 242 245 258 269 272 276 280 283 285 286 289 293 294 305 313 314 340 344 358 369 372 373 382 392 405 411 418 422 423 426 428 437 441 447 464 476 477 512 513 520 527 529 530 538 551 556 584 595 601 603 604 609 615 626 636 637 648 660 675 685 690 691 692 723 736 737 743 748 
#16 9
0 122 130 209 245 294 411 513 530 
#17 325
0 4 5 6 8 13 14 17 20 26 28 29 31 33 34 35 36 41 42 43 47 50 54 59 67 71 72 73 74 77 81 82 85 93 95 98 108 116 118 120 121 125 126 127 128 131 132 134 135 136 141 142 143 144 145 147 148 149 152 153 157 158 160 161 162 163 166 167 170 172 173 175 176 177 179 182 184 187 191 192 193 197 198 200 201 204 206 207 210 211 212 213 214 216 220 222 223 224 227 228 229 231 233 237 238 239 240 242 243 253 254 258 261 263 265 268 269 272 273 276 277 278 279 280 283 285 286 289 290 291 293 296 300 302 303 306 308 310 313 314 319 323 330 331 334 336 337 340 343 347 351 356 358 361 363 365 366 368 369 372 373 377 379 380 382 384 389 390 392 396 397 398 399 405 409 413 414 416 417 418 419 421 422 423 424 426 428 429 430 433 434 437 438 441 442 443 444 446 447 450 455 461 462 464 466 468 469 473 476 478 484 487 490 496 499 500 501 502 506 510 511 512 515 520 521 522 523 526 529 539 544 551 553 554 555 556 557 560 561 562 564 568 570 571 575 577 578 582 584 585 591 592 593 597 599 600 601 602 603 604 605 609 613 614 619 625 626 632 635 636 639 642 643 644 645 646 647 648 649 652 653 654 656 657 660 666 667 668 671 672 675 679 681 683 684 685 686 690 691 692 694 695 696 698 700 701 702 705 709 710 711 713 717 718 719 723 724 725 732 736 737 740 743 749 750 
#18 397
0 4 5 6 8 11 13 14 20 26 27 28 29 31 32 33 34 35 36 41 42 43 47 50 52 59 67 71 72 73 77 81 82 85 90 91 93 95 98 108 109 114 116 117 118 119 120 121 122 125 126 127 128 131 132 134 135 136 141 142 143 144 146 147 148 151 152 153 154 155 157 158 160 161 162 167 170 172 175 176 177 179 182 184 187 188 190 191 192 193 197 198 200 201 204 205 206 207 210 212 213 214 216 217 220 221 222 223 224 225 226 227 228 229 230 231 232 233 234 237 238 239 240 242 244 250 252 254 258 261 263 264 265 269 271 272 273 274 276 277 278 279 280 283 285 286 288 289 291 293 294 295 296 298 299 300 301 302 305 306 308 310 313 314 316 319 322 323 327 329 330 331 332 334 336 337 340 343 344 347 349 351 354 356 357 358 360 361 362 363 365 366 368 369 370 372 373 375 379 380 382 383 384 385 386 388 390 392 394 396 398 399 400 405 408 409 412 413 414 415 417 418 419 421 422 423 424 426 428 430 433 434 437 438 441 443 444 445 446 447 454 455 458 459 460 461 462 464 466 469 471 473 476 477 478 484 486 487 490 491 498 499 500 501 502 506 508 509 511 512 513 515 517 520 521 522 523 526 527 529 530 531 538 539 544 545 551 553 554 555 556 557 558 560 561 562 564 565 566 568 571 573 575 578 582 584 585 586 588 589 591 594 595 599 600 601 602 603 604 605 609 611 612 614 618 619 623 626 630 632 633 635 636 637 639 640 643 644 648 649 650 652 653 654 656 657 660 664 665 666 668 671 672 674 675 679 681 682 683 685 686 687 690 691 692 693 694 695 696 697 698 699 700 701 702 703 704 705 709 710 711 713 717 718 719 723 724 725 731 732 735 736 737 740 743 748 749 
#19 25
0 11 32 52 119 126 136 206 222 230 234 265 299 301 316 362 379 386 508 511 517 573 650 704 731 
#20 128
0 6 11 14 26 29 32 34 52 59 67 73 81 93 95 118 119 121 126 131 132 135 136 148 153 167 170 177 179 182 184 193 197 206 210 212 216 222 227 230 231 238 254 263 265 273 277 278 296 299 301 322 323 330 332 334 347 356 358 361 365 366 369 372 379 382 390 392 398 399 408 413 414 415 430 437 438 444 461 473 476 490 502 508 511 515 517 523 553 557 575 585 588 591 600 614 618 619 632 635 636 644 652 653 654 656 657 666 671 679 682 683 686 694 695 696 698 701 702 704 705 709 713 717 719 724 731 736 
#21 27
0 3 10 48 138 196 209 215 218 245 247 249 321 326 407 425 431 452 489 503 504 516 548 567 581 616 680 
#22 13
0 10 196 215 235 245 504 516 548 563 680 738 754 
#23 114
0 8 14 20 28 29 33 35 36 43 47 82 95 98 116 120 126 127 131 136 141 142 143 157 160 161 170 176 191 200 206 214 216 222 223 224 227 233 237 238 240 242 258 263 265 269 272 276 278 280 283 286 289 313 314 331 336 337 340 358 363 369 372 373 379 382 384 392 405 409 417 418 422 423 426 428 433 434 437 441 447 464 476 490 511 512 520 529 544 554 556 564 568 584 601 602 603 604 626 636 648 660 675 681 685 690 691 692 710 711 723 736 737 743 
#24 149
0 4 8 10 14 20 21 28 29 33 36 42 43 48 95 98 116 120 122 126 131 136 141 143 157 160 161 170 171 176 191 194 196 200 209 214 215 216 218 222 227 232 233 237 238 240 245 249 250 252 258 263 265 269 270 272 276 278 280 285 289 293 294 313 314 322 331 340 344 349 350 358 363 369 372 373 379 382 384 385 403 407 409 417 418 420 422 426 428 433 441 447 460 469 476 486 490 491 497 504 509 511 513 520 529 530 538 541 544 551 554 556 564 566 568 584 591 594 595 601 602 603 604 605 609 612 616 626 630 636 648 670 675 680 681 682 687 690 691 692 699 702 710 711 722 723 736 737 743 
#25 264
0 4 5 6 13 17 26 29 30 31 34 35 40 47 50 51 54 58 59 67 69 70 71 72 73 74 77 81 90 91 93 108 118 121 122 125 128 132 133 134 135 143 144 145 147 148 149 151 152 153 158 162 163 164 166 167 172 173 175 177 179 182 184 187 190 192 193 195 197 198 199 200 201 204 207 210 211 212 213 220 221 228 229 231 239 243 244 250 253 254 261 268 273 277 278 279 291 294 296 302 303 306 308 310 311 312 316 319 323 325 330 333 334 343 347 348 351 356 361 365 366 368 377 380 389 390 393 396 397 398 399 401 413 414 416 418 419 421 423 424 426 429 430 434 437 438 440 442 444 446 450 455 461 462 466 468 473 476 478 479 482 484 485 486 487 488 490 496 499 500 501 502 506 507 513 515 519 521 522 523 525 526 527 530 531 536 539 542 547 553 555 557 560 561 562 569 571 572 575 577 578 585 588 592 593 594 597 599 600 604 605 611 613 614 619 625 629 630 632 635 636 639 642 643 644 645 646 647 649 652 653 654 657 661 666 667 668 671 672 679 683 684 686 694 695 696 697 698 700 701 705 709 713 717 718 719 724 725 732 735 740 746 749 750 
#26 137
0 8 14 20 28 29 33 36 42 43 84 95 98 105 114 116 120 126 127 130 131 136 141 142 143 151 157 160 161 170 176 191 200 206 214 216 222 224 227 232 233 237 238 240 242 252 258 263 265 269 272 276 278 280 283 285 286 288 289 293 313 314 331 336 340 344 357 358 363 369 370 372 373 379 382 384 385 386 392 409 411 417 418 420 422 423 426 428 433 434 435 437 441 459 476 490 511 512 513 520 529 538 544 551 554 556 558 564 568 584 591 594 595 601 602 603 604 605 609 612 626 636 640 648 658 675 681 682 691 692 699 710 711 723 729 737 743 
#27 9
0 189 202 307 403 532 543 641 651 
#28 11
0 202 307 403 467 532 543 621 641 651 715 
#29 130
0 5 6 17 26 31 50 54 59 67 71 72 73 81 93 108 118 121 125 132 134 148 152 153 158 162 163 167 172 177 179 182 184 192 193 197 201 207 210 211 212 213 220 228 229 231 239 243 261 273 277 279 291 296 308 310 319 323 330 334 347 356 361 365 366 368 380 389 398 399 413 414 416 421 429 430 437 438 442 444 446 450 455 461 466 468 473 478 487 496 501 502 515 521 523 526 539 553 557 562 575 585 600 613 619 632 635 636 642 643 646 652 653 657 666 671 679 683 686 694 695 698 701 705 709 718 719 724 732 749 
#30 205
0 5 6 13 17 26 29 31 34 41 50 51 54 59 67 71 72 73 74 81 85 93 95 108 118 121 125 128 132 134 135 144 145 147 148 149 152 153 158 162 163 166 167 172 173 175 177 179 182 184 187 192 193 197 198 201 204 207 210 211 212 213 220 228 229 231 236 239 243 253 254 261 268 273 277 279 290 291 296 300 302 303 306 308 310 319 323 327 330 334 343 347 351 356 361 365 366 368 377 380 389 390 396 397 398 399 413 414 416 419 421 424 429 430 437 438 442 444 446 450 455 461 462 466 468 473 478 483 484 485 487 496 500 501 502 506 510 515 521 522 523 526 539 553 555 557 560 561 562 571 575 577 578 582 585 588 592 593 597 599 600 613 614 619 625 629 632 635 636 642 643 644 645 646 649 652 653 654 656 657 666 668 671 672 679 683 684 686 694 695 696 698 700 701 705 709 713 717 718 719 724 732 740 749 750 
#31 142
0 5 6 17 26 31 34 50 54 67 71 72 73 74 81 85 93 118 121 128 132 134 148 152 158 162 163 167 172 175 177 179 182 184 192 193 197 201 204 207 210 212 213 220 228 229 231 239 243 261 273 277 290 291 296 306 308 310 319 323 330 334 343 347 356 361 365 366 368 380 389 397 398 399 413 414 416 421 429 430 437 438 442 444 446 455 461 462 466 468 473 478 487 496 500 501 502 506 515 521 523 526 539 553 557 575 585 593 597 600 613 614 619 632 635 636 639 642 643 644 646 653 654 657 671 679 683 686 694 695 696 698 701 705 709 713 718 719 724 732 749 750 
#32 112
0 5 17 26 31 34 50 59 67 71 72 73 74 81 93 108 118 125 132 134 148 162 163 167 177 179 182 193 207 210 212 213 220 228 229 231 239 273 277 279 290 291 296 308 310 319 323 330 343 356 361 366 368 380 398 399 413 414 416 421 429 430 437 442 446 450 455 461 462 466 468 487 496 500 502 506 515 521 526 553 557 575 585 593 597 600 613 619 632 635 636 643 646 652 653 657 666 671 679 683 686 694 696 698 701 705 709 713 718 719 732 750 
#33 111
0 6 13 31 34 50 54 59 67 71 72 73 74 81 85 93 108 118 121 125 128 132 134 135 148 153 162 167 172 173 177 179 187 193 197 198 201 212 220 229 231 261 277 279 290 291 296 308 319 323 330 334 347 351 356 365 366 368 380 389 399 413 414 419 421 429 430 437 438 442 450 461 466 468 487 496 506 515 553 557 561 585 593 599 600 613 614 619 635 636 643 644 646 653 654 666 668 672 683 686 694 695 696 698 701 705 709 713 718 719 724 
#34 15
0 30 107 145 156 181 278 324 479 483 485 569 571 677 705 
#35 131
0 5 17 26 31 34 50 54 59 67 71 73 74 93 118 121 125 132 134 145 153 158 162 163 166 167 172 175 177 179 184 187 192 193 197 201 204 207 210 211 212 220 228 229 231 243 261 268 273 277 279 290 291 296 300 306 308 310 319 323 330 334 347 351 356 361 368 380 389 399 413 414 416 419 430 442 444 446 450 461 462 466 487 496 501 502 506 515 521 526 539 553 555 557 569 570 575 577 578 582 585 593 597 599 600 613 619 632 635 639 642 646 652 653 654 657 667 671 679 684 686 694 695 698 705 709 713 718 719 740 749 
#36 143
0 5 6 26 31 34 50 54 59 67 71 72 73 81 85 93 108 118 121 125 128 132 134 148 152 153 158 162 163 167 172 175 177 179 182 184 192 193 197 201 207 210 211 212 213 220 228 229 231 239 243 261 273 277 279 290 291 296 302 308 310 319 323 330 334 343 347 356 361 365 366 380 389 398 399 413 414 416 421 429 430 437 438 442 444 446 455 461 462 466 468 473 478 487 496 500 501 502 506 515 521 523 526 553 557 562 575 585 593 597 600 613 614 619 632 635 636 639 642 643 644 646 652 653 654 657 666 679 683 686 694 695 696 698 701 705 709 713 718 719 724 749 750 
#37 145
0 5 6 17 26 31 34 50 54 59 67 71 72 73 74 81 93 108 118 121 125 132 134 148 152 153 158 162 163 167 172 177 179 182 184 192 193 197 201 207 210 211 212 213 220 228 229 231 239 243 261 273 277 279 290 291 296 302 308 310 319 323 330 334 343 347 356 361 365 366 368 380 389 397 398 399 413 414 416 421 429 430 437 438 442 444 446 450 455 461 462 466 468 473 478 487 496 500 501 502 506 515 521 523 526 539 553 557 562 575 585 593 597 600 613 619 632 635 636 642 643 646 652 653 654 657 666 671 679 683 686 694 695 696 698 701 705 709 713 718 719 724 732 749 750 
#38 108
0 5 6 26 31 34 54 59 67 73 81 85 93 118 121 125 132 134 148 152 153 162 163 167 175 177 179 182 184 192 197 201 207 211 212 213 220 228 229 239 243 261 273 277 279 290 291 296 308 319 323 330 334 347 356 361 365 366 380 389 398 399 413 414 416 421 429 430 437 438 442 444 446 455 466 473 496 501 502 506 515 521 523 557 593 597 600 635 636 639 642 643 646 653 654 657 683 686 695 696 698 701 709 713 718 719 724 750 
#39 143
0 5 6 17 26 31 34 50 54 59 67 71 72 73 74 81 93 108 118 121 125 132 134 148 152 153 158 162 163 167 172 177 179 182 184 192 193 197 201 207 210 211 212 213 220 228 229 231 239 243 261 273 277 279 290 291 296 302 308 310 319 323 330 334 343 356 361 365 366 368 380 389 397 398 399 413 414 416 421 429 430 437 438 442 444 446 450 455 462 466 468 473 478 487 496 500 501 502 506 515 521 523 526 539 553 557 562 575 585 593 597 600 613 619 632 635 636 642 643 646 652 653 654 657 666 671 679 683 686 694 695 696 698 701 705 709 713 718 719 724 732 749 750 
#40 173
0 5 6 13 17 26 31 34 41 50 59 67 71 72 73 74 81 85 93 108 118 121 125 128 132 134 135 148 149 152 153 158 162 163 166 167 172 175 177 179 182 184 192 193 197 198 201 204 207 211 212 213 220 228 229 231 239 243 254 261 273 277 279 290 291 296 300 302 306 308 310 319 323 327 330 334 343 347 351 356 361 365 366 368 380 389 397 398 399 413 414 416 419 421 429 430 437 438 442 444 446 450 455 461 462 466 468 473 478 487 496 499 500 501 502 506 510 515 521 523 526 539 553 557 560 562 570 577 578 582 585 588 593 597 599 600 613 614 619 625 632 635 639 642 643 645 646 647 649 652 653 656 666 667 668 683 686 694 695 696 701 705 709 713 717 718 719 724 725 732 740 749 750 
#41 117
0 5 17 26 34 50 54 59 71 72 73 74 81 85 93 108 118 125 128 134 135 148 158 162 163 167 175 177 179 184 192 197 198 201 204 207 210 213 220 228 229 231 239 243 261 273 291 296 302 308 310 319 323 330 334 343 356 361 368 380 399 416 421 429 430 437 438 442 444 446 461 466 468 487 496 500 501 502 506 521 526 539 553 557 561 562 575 578 585 593 600 613 614 619 635 636 642 643 644 646 652 653 654 657 666 671 679 694 695 696 698 705 709 713 718 719 724 
#42 70
0 5 6 31 51 81 108 121 148 153 158 162 163 177 182 197 198 207 210 211 212 213 220 228 229 231 243 261 279 291 308 323 330 334 343 365 380 397 398 399 413 414 416 421 429 430 444 461 487 501 502 521 553 557 578 593 600 635 646 653 657 666 671 679 683 695 698 701 732 750 
#43 115
0 5 26 31 34 50 54 59 67 71 72 73 74 81 93 108 118 121 132 134 148 153 158 162 167 177 179 182 184 192 193 197 207 210 212 213 220 228 229 231 239 243 273 277 290 291 296 308 310 319 323 330 334 343 356 365 368 380 397 398 399 414 416 421 429 430 437 442 444 446 450 461 462 466 478 487 502 506 521 523 539 553 557 562 575 585 593 597 600 613 619 632 635 636 642 643 646 653 654 657 671 679 686 695 696 698 701 709 713 718 719 724 732 749 750 
#44 88
0 26 34 41 50 54 67 71 73 74 81 93 108 121 125 128 134 135 153 158 162 167 184 192 193 212 220 228 229 261 273 277 290 291 296 300 306 308 310 319 323 330 334 343 356 361 380 399 413 414 416 430 437 438 444 450 461 466 473 487 496 502 506 515 539 557 562 585 588 619 636 644 652 653 654 657 666 671 683 694 695 698 701 705 713 717 718 750 
#45 112
0 6 17 26 31 34 50 54 59 71 72 73 81 108 118 121 125 128 132 134 148 153 158 162 163 167 177 192 197 198 201 204 210 212 213 220 228 229 231 261 273 291 296 310 319 323 330 334 356 361 365 366 368 380 389 398 399 413 414 416 421 429 430 438 444 455 461 466 468 487 496 500 501 502 506 521 523 526 539 553 557 561 585 593 600 613 614 619 635 636 642 644 652 653 654 657 666 671 679 683 686 695 696 698 701 705 713 718 719 724 732 750 
#46 190
0 5 6 13 17 26 29 31 34 41 50 51 54 59 67 71 72 73 74 81 85 93 108 118 121 125 128 132 134 135 148 152 153 158 162 163 166 167 172 175 177 179 182 184 187 192 193 197 198 201 204 207 210 211 212 213 220 228 229 231 239 243 253 254 261 268 273 277 279 290 291 296 300 302 303 306 308 310 319 323 327 330 334 343 347 351 356 361 365 366 368 380 389 390 396 397 398 399 413 414 416 419 421 424 429 430 437 438 442 443 444 446 450 455 461 462 466 468 473 478 487 496 500 501 502 506 510 515 521 523 526 539 553 555 557 560 561 562 570 575 577 578 582 585 588 593 597 599 600 613 614 619 625 632 635 636 642 643 644 645 646 649 652 653 654 656 657 666 668 671 672 679 683 686 694 695 696 698 701 705 709 713 717 718 719 724 732 740 749 750 
#47 214
0 5 6 13 17 26 30 31 34 41 50 51 54 59 67 71 72 73 74 77 81 85 93 95 107 108 118 121 125 128 132 134 135 144 145 147 148 149 152 153 156 158 162 163 166 167 172 173 175 177 179 181 182 184 187 192 193 197 198 201 204 207 210 211 212 213 220 225 228 229 231 239 243 253 254 261 268 273 277 279 290 291 296 300 302 303 306 308 310 319 323 324 327 330 334 343 347 351 356 361 365 366 368 377 380 389 390 393 396 397 398 399 413 414 416 419 421 424 429 430 437 438 442 443 444 446 450 455 461 462 466 468 473 478 479 484 485 487 496 499 500 501 502 506 510 515 521 523 526 539 542 553 555 557 561 562 570 571 575 577 578 582 585 588 593 597 599 600 613 614 619 625 632 635 636 639 642 643 644 646 649 652 653 654 656 657 666 667 668 671 672 677 679 683 684 686 694 695 696 698 700 701 705 709 713 717 718 719 724 725 732 740 749 750 
#48 131
0 5 6 17 26 31 34 50 59 67 71 72 73 74 81 93 108 118 121 125 132 134 148 152 153 158 162 163 167 177 179 182 192 193 197 201 207 210 212 213 220 228 231 239 243 261 273 277 279 291 296 302 308 310 319 323 330 334 343 356 361 365 368 380 397 398 399 414 416 421 429 430 437 438 442 444 446 450 455 461 462 466 468 473 478 487 500 501 502 506 515 521 523 539 553 557 562 575 585 593 597 600 613 619 632 635 636 642 643 652 653 654 657 666 671 679 683 686 694 695 696 698 701 705 713 718 719 724 732 749 750 
#49 83
0 5 26 31 59 67 73 74 81 93 118 128 134 148 153 158 162 167 172 177 179 182 210 211 212 220 229 231 239 277 279 296 308 310 319 323 334 347 356 361 368 397 399 414 416 424 429 430 437 442 461 462 468 478 502 506 526 553 557 562 597 600 613 614 619 635 643 646 649 652 668 679 686 695 696 698 701 705 709 713 719 724 750 
#50 268
0 5 6 8 13 14 20 26 29 31 33 34 36 41 47 50 54 59 67 71 72 73 74 77 81 82 85 93 95 108 118 120 121 125 126 127 128 132 134 135 136 141 142 143 144 148 153 158 160 162 163 167 170 172 173 175 176 177 179 182 184 187 191 192 193 197 198 200 201 204 206 207 210 212 213 214 216 220 222 223 224 225 227 228 229 231 233 237 238 239 240 242 243 254 261 265 269 272 273 276 277 278 279 280 286 289 290 291 296 300 302 303 306 308 310 313 314 319 323 327 330 331 334 337 347 351 356 358 361 365 366 368 369 372 373 379 380 389 390 392 398 399 409 413 414 416 418 419 421 422 423 424 428 430 437 438 441 442 443 444 446 447 455 461 462 464 466 468 473 476 478 484 487 490 496 500 501 502 506 512 515 520 521 522 523 526 529 539 544 553 554 555 556 557 560 561 562 564 571 575 577 578 584 585 588 592 593 597 599 600 601 603 604 613 614 619 626 632 635 636 639 642 643 644 645 646 647 648 652 653 654 656 657 660 666 668 671 672 675 679 681 683 685 686 690 691 692 694 695 696 698 700 701 705 709 713 717 718 719 723 724 725 732 736 737 743 749 750 
#51 203
0 5 6 13 14 26 31 33 34 35 41 43 47 50 67 71 72 73 81 85 93 95 108 114 118 120 121 125 127 128 132 134 135 142 143 144 148 153 157 158 161 162 167 170 172 175 177 179 182 184 187 192 197 200 201 204 206 207 212 213 216 220 222 225 227 228 229 231 239 254 261 272 273 276 277 278 279 283 289 291 296 302 306 308 310 313 319 327 330 334 343 347 351 356 358 361 365 368 369 372 373 380 384 390 399 409 413 414 417 418 419 421 423 424 426 430 434 437 443 444 446 455 461 462 466 473 476 478 486 487 499 500 501 502 506 515 520 521 522 523 526 544 551 554 555 557 560 561 562 564 571 575 578 584 585 588 600 601 602 603 604 614 619 630 635 636 639 644 652 653 654 657 666 668 671 672 679 683 685 686 687 690 691 692 694 695 696 698 701 702 705 709 711 713 717 718 719 724 725 732 740 743 749 
#52 11
0 44 49 183 215 335 371 391 580 628 663 
#53 101
0 8 14 20 28 29 33 35 36 43 47 82 95 98 116 120 127 131 136 141 142 143 157 160 161 170 176 200 214 216 222 223 224 227 233 237 238 242 265 272 276 280 283 286 289 313 314 331 336 337 340 363 369 372 373 379 382 384 392 405 409 417 418 422 423 426 428 433 434 437 441 447 464 476 511 512 520 544 554 556 564 568 584 601 602 603 604 626 636 648 660 675 685 690 691 692 710 711 723 736 737 
#54 39
0 27 35 47 58 69 91 143 151 161 164 170 190 199 200 221 250 289 325 333 372 417 418 423 434 476 482 486 488 507 527 531 572 594 602 604 630 697 746 
#55 43
0 27 35 47 58 69 91 142 143 151 161 164 170 190 199 200 221 250 289 325 333 370 372 384 418 423 434 476 482 486 488 507 527 531 551 572 594 602 604 630 697 711 746 
#56 140
0 4 8 14 27 28 29 33 35 42 43 47 58 69 90 91 95 98 116 117 120 126 136 141 142 143 151 161 164 170 176 185 190 191 199 200 214 217 221 222 224 227 232 237 238 240 242 250 258 263 265 266 269 272 283 289 293 311 312 313 314 325 329 331 333 336 337 340 342 344 357 363 364 369 370 372 373 379 382 384 394 415 417 418 422 423 426 433 434 441 447 460 464 469 476 482 486 488 491 507 511 512 520 525 527 531 544 551 554 556 564 568 572 584 591 594 602 603 604 605 611 630 637 640 648 661 675 681 685 690 691 692 697 702 710 711 723 736 743 746 
#57 9
0 122 130 209 245 294 411 513 530 
#58 366
0 3 4 5 6 8 11 13 14 20 26 27 28 29 31 32 33 34 36 41 42 47 50 52 53 58 59 63 67 71 72 73 77 81 82 85 93 95 96 98 108 109 114 116 118 119 120 121 125 126 127 128 131 132 134 135 136 141 142 143 144 148 151 153 157 158 160 162 167 170 172 175 176 177 179 182 184 187 191 192 197 198 200 201 203 204 206 207 208 212 213 214 216 217 220 222 223 224 225 226 227 228 229 230 231 232 233 234 237 238 239 240 242 244 245 249 250 252 254 258 261 263 264 265 269 272 273 274 276 277 278 279 280 283 285 286 289 291 293 296 299 300 301 302 305 306 308 310 313 314 318 319 321 322 323 325 327 329 330 331 332 334 336 337 340 343 344 347 349 350 351 353 354 356 357 358 361 362 363 365 366 368 369 372 373 375 379 380 382 383 384 385 388 390 392 394 396 399 400 403 405 408 409 412 413 414 415 417 418 419 421 422 423 424 426 428 430 433 434 437 438 441 443 444 445 446 447 452 454 455 458 461 462 464 466 469 473 476 477 478 484 486 487 490 498 499 500 501 502 504 506 508 509 511 512 515 517 520 521 522 523 524 526 529 531 539 544 546 551 554 555 556 557 558 560 561 562 564 565 566 568 571 573 575 578 582 584 585 588 589 591 594 595 599 600 601 602 603 604 605 609 612 614 615 618 619 621 626 630 635 636 637 639 644 648 650 651 652 653 654 657 660 665 666 668 671 672 675 679 681 683 685 686 687 690 691 692 693 694 695 696 697 698 699 700 701 702 703 704 705 709 710 713 717 718 719 723 724 725 731 732 736 737 740 743 749 
#59 16
0 76 80 165 259 297 410 439 493 518 537 579 583 608 716 744 
#60 17
0 76 80 165 259 297 410 439 493 518 537 579 583 606 608 716 744 
#61 40
0 8 14 33 95 120 126 136 157 176 191 200 227 250 283 289 313 322 349 358 417 423 426 437 464 476 486 490 509 544 564 584 601 630 636 685 687 692 702 743 
#62 265
0 5 6 8 13 17 26 29 31 34 41 47 50 51 54 59 67 71 72 73 74 75 77 81 85 93 108 118 121 125 126 127 128 131 132 134 135 136 142 144 145 146 148 149 152 153 154 157 158 162 163 166 167 170 172 173 175 176 177 179 182 184 187 191 192 193 197 200 201 204 206 207 210 211 212 213 220 223 225 227 228 229 231 236 238 239 242 243 253 254 261 268 269 272 273 277 279 286 289 290 291 296 298 300 302 303 305 306 308 310 313 319 323 327 329 330 334 343 344 347 348 349 351 354 356 357 358 361 365 368 369 373 375 380 382 389 390 392 395 397 398 399 413 414 416 419 421 422 423 424 426 429 430 437 442 443 444 446 450 455 461 462 464 466 468 473 476 477 478 483 484 487 496 499 500 501 502 506 509 510 515 520 521 522 523 526 538 539 553 555 557 560 561 562 570 571 575 577 578 584 585 588 592 593 594 597 599 600 601 604 613 614 619 623 625 629 632 635 636 639 640 642 643 644 646 647 649 652 653 654 656 657 660 665 666 668 669 671 672 679 683 684 685 686 694 695 696 698 700 701 702 705 707 709 713 717 718 719 723 724 725 732 740 749 750 
#63 223
0 2 5 7 13 15 17 23 26 29 31 34 41 45 46 50 51 59 61 67 68 71 72 73 74 79 81 83 86 87 89 92 93 94 97 106 108 110 112 115 118 121 125 128 132 134 135 145 147 148 149 153 158 162 163 166 167 172 173 175 177 179 182 184 187 192 193 197 198 204 205 207 210 212 213 220 228 229 231 239 243 246 248 260 261 273 277 279 281 290 291 292 296 300 302 308 310 319 323 327 330 334 343 356 361 365 366 368 374 380 387 389 390 396 397 398 399 401 413 414 416 419 421 424 427 429 430 436 437 438 442 444 446 450 455 456 457 461 462 466 468 470 473 478 483 484 487 496 499 500 502 506 515 521 523 526 539 540 553 555 557 560 561 570 575 578 585 588 592 593 597 599 600 613 614 619 625 631 632 635 636 642 643 644 646 649 652 653 654 657 666 667 671 672 676 679 683 686 694 695 696 698 700 701 705 709 713 714 717 718 719 721 727 730 732 733 734 739 741 749 750 752 754 
#64 193
0 2 5 6 7 15 17 19 23 26 29 31 34 39 41 45 50 51 54 59 60 61 67 71 72 73 74 79 81 83 86 89 94 99 108 110 118 121 125 128 132 134 147 148 149 150 153 158 162 166 167 177 179 182 184 186 192 193 197 198 201 205 207 210 211 212 213 220 228 229 231 239 248 260 261 273 277 279 281 291 292 296 302 308 310 315 319 323 327 330 334 343 347 356 361 365 366 368 374 380 389 396 397 398 399 413 414 416 419 421 424 429 430 437 442 444 446 450 455 456 461 462 466 468 470 473 484 487 500 501 502 506 510 515 521 523 526 553 557 560 561 562 570 575 582 585 587 592 593 597 600 613 614 619 625 629 635 642 643 646 649 652 653 654 657 666 668 671 679 683 686 694 695 696 698 701 705 709 713 714 717 718 719 721 732 733 734 739 742 749 750 752 755 
#65 19
0 33 120 276 285 313 314 322 349 358 370 435 459 471 529 584 626 692 729 
#66 102
0 8 14 20 28 29 33 35 36 47 82 98 116 120 127 131 136 141 142 143 160 161 170 176 191 200 206 214 216 222 223 224 227 233 237 238 240 242 258 263 265 269 272 276 278 280 283 286 289 314 331 337 358 363 369 372 373 379 382 384 392 405 409 418 422 423 428 433 437 441 447 464 476 511 512 520 529 544 554 556 564 584 601 602 603 604 626 636 648 660 675 681 685 690 691 692 710 711 723 736 737 743 
#67 7
0 183 335 371 391 580 628 
#68 6
0 183 256 371 580 628 
#69 6
0 49 371 391 580 628 
#70 226
0 4 6 8 13 17 26 29 31 34 35 36 42 50 51 59 67 71 72 73 81 85 90 93 108 114 116 118 121 131 132 134 135 136 141 143 145 148 153 157 158 162 163 167 170 172 173 176 177 179 182 184 187 193 197 198 200 201 204 206 207 210 212 213 217 221 224 227 228 229 231 232 237 240 242 243 254 261 272 273 276 277 279 285 290 291 293 296 302 303 308 310 323 330 334 336 340 347 351 356 358 361 365 366 368 369 373 377 380 382 384 389 390 392 394 398 399 413 414 416 418 419 421 422 423 428 429 430 434 437 438 441 442 443 444 446 447 460 461 464 466 468 473 476 478 484 491 496 501 502 515 520 523 526 529 553 556 557 562 568 575 577 578 584 585 588 593 597 599 600 602 605 609 613 614 619 625 626 629 630 632 635 636 639 642 644 645 646 647 648 652 653 654 656 657 660 666 667 671 672 675 679 683 684 686 687 692 694 695 696 698 701 705 709 710 713 717 718 719 723 724 732 736 737 749 750 
#71 349
0 1 4 5 6 8 11 13 14 20 26 27 29 31 32 33 34 35 36 41 47 50 52 59 67 71 72 73 77 81 82 85 90 91 93 95 98 108 109 114 116 117 118 119 120 121 125 126 127 128 131 132 134 135 136 141 142 143 144 148 151 153 157 158 160 162 167 170 172 175 176 177 179 182 184 187 191 192 197 198 200 201 204 205 206 207 212 213 214 216 217 220 221 222 223 224 225 226 227 228 229 230 231 232 233 234 237 238 239 240 242 244 250 252 254 258 261 265 269 272 273 276 277 278 279 280 283 285 286 288 289 291 293 296 299 300 301 302 305 306 308 310 313 314 316 319 322 323 327 329 330 331 332 334 336 337 340 343 347 349 351 356 357 358 360 361 362 365 366 368 369 372 373 375 379 380 382 383 385 386 390 392 394 396 399 402 405 408 409 412 413 414 415 417 418 419 421 422 423 424 426 428 430 434 437 438 441 443 444 445 446 447 454 455 458 460 461 462 464 466 473 476 477 478 481 484 486 487 490 492 499 500 501 502 505 506 508 509 511 512 515 517 520 521 522 523 526 529 531 539 544 551 554 555 556 557 558 560 561 562 564 565 566 568 571 573 575 578 582 584 585 588 589 594 595 599 600 601 602 603 604 605 609 611 612 614 618 619 622 624 626 630 635 636 637 639 644 648 650 652 653 654 657 660 665 666 668 671 672 675 679 681 683 685 686 687 690 691 692 693 694 695 696 698 699 700 701 702 703 704 705 709 710 713 717 718 719 723 724 725 731 732 735 736 737 740 743 748 749 
#72 246
0 4 5 6 14 17 18 22 26 31 34 40 48 50 52 53 54 58 59 63 67 71 72 74 81 91 93 117 118 121 123 125 128 130 132 134 136 138 140 147 148 149 151 153 162 163 167 169 172 173 177 178 179 180 182 184 188 189 192 193 196 197 198 199 200 201 202 204 207 208 209 210 211 212 213 215 218 219 220 222 228 229 231 234 239 249 251 253 261 273 277 279 287 289 290 291 296 301 302 303 304 307 308 310 311 312 316 317 318 319 320 321 322 323 330 332 334 339 341 343 353 356 361 365 368 372 380 386 389 397 399 403 407 412 413 414 415 419 421 424 429 430 432 437 442 446 449 450 452 455 458 460 461 463 466 467 468 472 473 476 480 487 494 496 498 502 503 506 508 510 514 515 521 523 524 526 531 532 533 534 536 539 541 543 549 551 557 560 561 570 577 581 585 588 592 593 597 600 613 621 627 629 632 633 635 636 639 641 642 643 644 645 646 649 651 652 653 655 656 657 667 668 674 679 683 684 686 694 695 696 698 701 705 708 709 712 713 715 718 719 722 724 726 732 738 751 
#73 8
0 52 65 222 304 346 355 381 
#74 12
0 73 158 162 192 254 319 399 592 617 619 705 
#75 79
0 4 8 20 28 33 35 36 42 95 98 116 120 127 136 141 143 157 160 170 176 191 200 214 222 232 238 240 242 258 263 265 272 276 283 286 289 293 314 331 336 337 340 363 372 373 379 382 384 418 423 426 433 434 437 441 469 476 511 520 554 556 564 568 591 602 605 609 648 660 675 681 685 691 692 710 723 736 743 
#76 15
0 1 191 205 293 340 402 445 476 481 492 505 622 624 710 
#77 446
0 5 6 8 11 13 14 17 20 24 26 27 28 29 31 32 33 34 35 36 41 42 47 48 50 51 52 54 59 63 66 67 71 72 73 74 75 77 78 81 82 85 90 93 95 98 108 109 111 114 116 118 119 120 121 123 124 125 126 127 128 131 132 134 135 136 138 141 142 143 144 145 146 147 148 151 152 153 154 157 158 160 161 162 163 166 167 170 172 173 174 175 176 177 178 179 182 184 187 191 192 193 197 198 200 201 204 206 207 210 211 212 213 214 215 216 217 218 220 222 223 224 225 226 227 228 229 230 231 232 233 234 237 238 239 240 242 243 250 252 254 258 261 262 263 265 268 269 272 273 274 275 276 277 278 279 280 283 285 286 289 290 291 293 296 298 299 300 301 302 304 305 306 308 310 313 314 316 318 319 321 322 323 326 327 329 330 331 332 334 336 337 338 340 343 344 347 348 349 351 354 356 357 358 361 362 363 365 366 368 369 372 373 375 376 379 380 381 382 383 385 386 389 390 392 395 396 397 398 399 400 403 404 405 407 408 409 412 413 414 415 416 417 418 419 421 422 423 424 425 426 428 429 430 432 434 435 437 438 441 442 443 444 445 446 447 450 452 455 458 459 461 462 463 464 466 468 469 471 473 476 477 478 479 483 484 486 487 490 491 495 496 498 499 500 501 502 506 508 509 510 511 512 515 517 519 520 521 522 523 526 529 531 533 538 539 541 544 551 553 554 555 556 557 558 560 561 562 564 565 566 568 570 571 575 577 578 581 582 584 585 588 589 590 591 592 593 594 595 596 597 599 600 601 602 603 604 605 609 611 612 613 614 618 619 623 625 626 627 630 632 635 636 637 639 640 642 643 644 646 647 648 649 650 652 653 654 656 657 659 660 665 666 667 668 669 671 672 675 679 681 682 683 684 685 686 687 690 691 692 693 694 695 696 698 699 700 701 702 703 704 705 706 707 709 710 712 713 717 718 719 722 723 724 725 731 732 735 736 737 738 740 743 748 749 750 
#78 35
0 27 35 58 69 91 143 151 161 164 190 199 200 221 250 311 312 325 333 417 418 423 434 476 482 507 527 531 572 594 604 630 697 711 746 
#79 369
0 5 6 8 11 13 14 17 20 26 28 29 31 32 33 34 35 36 41 42 43 47 50 52 54 59 67 71 72 73 81 82 85 90 93 95 98 108 114 116 117 118 119 120 121 124 125 126 127 128 131 132 134 135 136 141 142 143 144 147 148 151 152 153 157 158 160 161 162 163 166 167 170 172 173 174 175 176 177 179 182 184 187 190 191 192 193 200 201 206 207 210 211 212 213 214 216 217 220 222 223 224 225 226 227 228 229 230 231 233 234 237 238 239 240 242 243 244 254 258 261 263 265 268 269 272 273 276 277 278 279 280 283 285 286 288 289 290 291 293 296 298 299 300 301 302 305 306 308 310 313 314 316 319 322 323 327 329 330 331 332 334 336 337 339 340 343 344 347 349 351 354 356 357 358 360 361 362 363 365 366 368 369 372 373 379 382 383 384 386 389 390 392 398 399 400 405 409 412 413 414 415 416 417 418 419 420 421 422 423 424 426 428 429 430 433 434 435 437 438 441 444 446 447 454 455 459 460 461 462 464 466 468 469 473 476 477 478 479 486 487 490 491 496 498 499 500 501 502 506 508 510 511 512 515 517 519 520 521 522 523 526 527 529 538 539 544 551 553 554 555 556 557 558 560 561 562 564 565 566 568 573 575 577 578 582 584 585 589 591 592 593 599 600 601 603 604 611 614 618 619 623 626 630 632 635 636 637 639 640 643 644 647 648 649 650 652 653 654 656 659 660 666 667 668 671 672 675 679 681 682 683 684 685 686 687 690 691 692 694 695 696 697 698 700 701 702 703 704 705 706 709 710 711 713 717 718 719 723 724 725 731 732 735 737 740 743 748 750 
#80 155
0 4 8 11 20 28 29 32 33 35 36 42 43 47 52 82 90 95 98 114 116 119 120 126 127 131 136 141 142 143 157 160 170 176 191 200 206 214 216 217 222 223 224 227 230 232 233 237 238 240 242 258 263 265 269 272 276 278 280 283 285 286 288 289 293 299 301 305 313 314 331 336 337 340 358 362 363 369 372 373 379 382 384 392 405 408 409 415 418 420 422 423 426 428 433 434 437 441 447 454 460 464 476 490 491 508 509 511 512 517 520 527 529 538 554 556 558 564 565 566 568 584 589 591 595 601 602 603 604 605 609 612 618 622 626 636 648 660 675 681 682 685 690 691 692 703 704 710 711 723 731 736 737 743 748 
#81 104
0 8 14 20 28 29 33 35 36 43 47 98 116 120 126 127 131 136 141 142 143 160 161 170 176 191 200 206 214 216 222 223 224 227 233 237 238 240 242 258 263 265 269 272 276 278 280 283 286 289 313 314 331 337 358 369 372 373 379 384 392 409 418 422 423 426 428 433 434 437 441 447 464 476 490 511 512 520 529 544 554 556 564 584 601 602 603 604 626 636 648 660 675 681 685 690 691 692 710 711 723 736 737 743 
#82 111
0 8 14 20 28 29 33 35 36 43 47 82 95 98 116 120 126 127 131 136 141 142 143 157 160 161 170 176 191 200 206 214 216 222 223 224 227 233 237 238 240 242 258 263 265 269 272 276 278 280 283 286 289 313 314 331 336 337 340 358 363 369 372 373 379 382 384 392 405 409 417 418 422 423 426 428 433 434 437 441 447 464 476 490 512 520 529 544 554 556 564 584 601 602 603 604 626 636 648 660 675 681 685 690 692 710 711 723 736 737 743 
#83 73
0 8 14 28 33 35 36 43 95 120 126 141 143 157 160 161 170 176 200 206 214 216 222 232 233 238 240 242 263 276 278 285 286 289 293 313 314 331 340 358 372 373 379 382 409 418 423 426 433 434 447 511 520 529 544 554 556 564 568 584 591 601 603 604 605 636 691 692 710 711 723 737 743 
#84 69
0 8 20 29 33 36 43 47 95 120 126 127 136 141 142 143 157 160 161 170 200 206 214 216 224 227 233 242 269 272 276 289 313 314 331 337 369 372 373 382 384 409 417 418 423 426 428 437 476 490 512 520 551 554 556 564 601 602 603 604 626 648 685 690 691 692 711 723 743 
#85 123
0 4 8 14 20 28 33 35 42 43 47 90 95 98 114 116 120 126 127 131 136 141 142 143 157 160 161 170 176 191 200 206 214 216 222 223 227 232 238 240 242 258 263 265 272 276 278 283 286 289 293 313 314 331 336 337 340 344 358 363 369 372 373 379 382 383 384 392 409 417 418 422 423 426 428 433 434 437 441 447 460 464 476 486 490 491 511 520 529 538 544 551 554 556 564 568 584 591 601 602 603 604 605 609 626 630 636 648 675 681 682 685 687 690 691 692 702 710 711 723 736 737 743 
#86 76
0 4 28 33 42 95 98 116 120 126 127 136 141 143 157 160 170 176 191 200 214 216 222 227 232 238 240 242 258 263 265 269 276 283 286 289 293 314 331 336 337 340 363 372 379 382 384 418 423 426 433 434 441 464 469 476 511 520 554 556 564 568 591 602 605 636 648 660 675 681 685 691 692 710 736 743 
#87 172
0 4 8 14 20 27 29 33 35 36 42 43 47 52 58 82 90 95 98 114 116 119 120 126 127 131 136 141 142 143 151 157 160 161 170 176 190 191 200 206 214 216 217 222 223 224 226 227 232 233 237 238 242 244 252 258 263 269 272 276 278 280 283 285 286 288 289 299 305 313 314 316 322 325 331 333 336 337 340 344 349 357 358 363 369 370 372 373 375 379 382 383 384 392 394 405 409 417 418 422 423 426 428 433 434 437 441 445 447 459 460 464 471 476 477 486 488 490 491 509 511 512 520 529 531 538 544 551 554 556 558 561 564 565 584 589 594 595 601 602 603 604 605 609 611 612 622 626 630 636 640 648 660 664 675 681 682 685 687 690 691 692 697 702 703 710 711 723 736 737 743 748 
#88 70
0 8 20 28 29 33 36 82 98 116 120 127 136 141 142 143 157 160 170 176 191 200 206 223 224 227 237 242 272 276 280 283 286 289 314 331 340 363 369 372 373 379 382 392 405 418 422 423 426 428 437 441 464 476 512 520 554 556 564 568 603 636 648 660 675 685 690 692 723 737 
#89 80
0 8 14 20 33 95 120 126 127 136 143 157 160 170 176 191 200 216 222 227 233 238 240 250 269 276 278 283 285 286 289 313 314 322 331 340 349 358 369 373 375 379 382 409 417 423 426 437 441 464 476 486 490 509 520 529 544 551 556 564 565 584 601 603 604 605 626 630 636 648 660 675 681 685 687 690 691 692 702 743 
#90 72
0 28 33 36 95 116 120 127 141 142 143 157 160 170 176 191 200 214 216 223 227 233 237 238 242 258 263 269 272 276 280 283 286 289 313 314 331 336 337 340 363 372 373 379 382 392 409 417 418 423 426 437 441 447 464 476 520 554 556 584 603 636 648 660 675 690 691 692 723 736 737 743 
#91 340
0 4 5 6 8 13 14 17 20 26 27 28 29 31 33 34 35 36 42 43 47 50 51 58 59 67 69 71 72 73 81 82 85 90 93 95 98 108 114 116 118 120 121 127 128 131 132 134 135 136 141 142 143 144 145 147 148 151 152 153 157 158 160 161 162 163 164 167 170 172 173 176 177 179 182 184 187 190 191 192 193 197 198 200 201 204 206 207 210 212 213 214 216 217 220 221 222 224 226 227 228 229 231 232 233 237 238 239 240 242 243 254 258 261 263 265 269 272 273 276 277 278 279 280 283 285 286 289 290 291 293 296 302 303 305 308 310 312 313 314 319 323 325 330 331 333 334 336 337 340 343 347 351 354 356 357 361 363 364 365 366 368 369 370 372 373 375 377 379 380 382 383 384 389 390 392 396 398 399 405 409 413 414 416 417 418 419 421 422 423 424 426 428 429 430 433 434 437 438 441 442 443 444 446 447 455 460 461 462 466 468 469 473 476 477 478 482 484 487 488 490 491 496 500 501 502 507 511 512 515 520 521 522 523 526 527 529 531 544 551 553 554 555 556 557 558 560 561 562 564 565 568 571 572 575 577 578 582 584 585 588 591 593 597 599 600 601 602 603 604 605 609 613 614 619 625 626 629 632 635 636 639 640 642 643 644 645 646 647 648 649 652 653 654 656 657 660 666 667 668 671 672 675 679 681 682 683 684 685 686 687 690 691 692 694 695 696 697 698 701 702 703 705 709 710 711 713 717 718 719 723 724 732 736 737 743 746 748 749 750 
#92 57
0 14 33 43 95 120 126 127 136 142 157 160 161 170 200 206 216 222 227 233 242 263 269 276 278 285 289 313 314 331 344 358 369 372 379 409 417 418 426 434 490 529 538 544 551 556 564 584 601 602 603 604 682 691 692 711 743 
#93 124
0 4 8 14 20 28 29 33 35 36 42 43 47 82 95 98 114 116 120 126 127 131 136 141 143 157 160 161 170 176 191 200 206 214 216 222 223 224 227 232 233 237 238 240 242 258 263 265 269 272 276 278 280 283 285 286 289 293 313 314 331 336 340 344 358 363 369 372 373 379 382 384 392 405 409 417 418 422 423 426 428 433 434 437 441 447 464 476 490 511 512 520 529 538 544 551 554 556 558 564 568 584 591 601 602 603 604 626 636 648 660 675 681 682 685 691 692 710 711 723 736 737 743 748 
#94 126
0 4 8 14 20 28 29 33 35 36 42 43 47 95 98 116 120 126 127 131 136 143 157 160 161 170 176 191 200 206 214 216 222 223 224 227 232 233 237 238 240 242 258 263 265 269 272 276 278 280 283 285 286 289 293 313 314 331 336 337 344 358 363 369 372 373 379 382 384 392 405 409 417 418 422 423 426 428 433 434 437 441 447 469 476 490 511 512 520 529 538 544 551 554 556 558 564 565 568 584 591 601 602 603 604 605 609 626 636 648 660 675 681 682 685 690 691 692 702 710 711 723 736 737 743 748 
#95 140
0 4 11 14 27 29 32 33 35 48 52 90 91 95 98 111 116 117 119 120 123 126 127 131 136 141 143 160 170 176 178 180 191 200 214 215 217 218 221 222 223 224 227 230 233 234 238 240 242 244 258 265 269 276 280 283 286 288 289 299 301 313 316 321 322 323 326 329 332 336 337 340 357 358 360 362 372 373 379 382 385 386 392 394 403 405 407 408 412 415 418 422 423 426 434 441 447 452 454 458 460 463 476 490 508 511 512 517 520 533 541 554 556 564 565 568 573 581 602 603 609 611 618 626 636 648 650 660 681 690 691 692 722 723 731 735 736 737 743 748 
#96 243
0 5 6 17 22 26 31 34 41 48 50 51 52 53 54 59 63 67 71 72 73 74 77 78 81 84 85 93 105 108 111 118 121 123 128 130 132 134 135 136 144 145 147 148 149 152 153 158 159 162 163 166 167 172 173 175 177 178 179 180 181 182 184 187 192 193 197 198 203 204 207 208 210 212 213 215 220 228 229 231 235 239 249 255 261 268 273 277 279 287 289 290 291 296 302 303 306 308 310 318 319 321 323 326 327 328 330 334 343 347 351 356 361 365 366 368 376 377 380 386 389 390 397 398 399 403 407 411 412 413 414 416 419 421 424 425 429 430 431 437 438 442 443 444 446 450 452 455 461 463 465 466 468 473 478 483 487 489 494 496 499 500 501 502 506 510 513 515 521 523 526 533 539 541 548 553 555 557 560 561 562 575 577 578 581 585 588 592 593 594 596 597 599 600 613 616 619 625 632 633 635 636 639 642 643 645 646 647 649 652 653 654 657 658 666 667 671 672 679 683 684 686 694 695 696 698 700 701 705 707 709 712 713 717 718 719 722 724 725 732 738 749 750 
#97 15
0 24 63 66 78 136 138 262 338 376 404 425 590 596 627 
#98 25
0 14 52 119 126 136 174 222 234 265 301 316 379 386 412 415 458 498 511 566 650 659 704 706 736 
#99 20
0 48 52 123 178 180 215 218 318 321 326 403 407 452 463 533 541 581 712 722 
#100 294
0 5 6 11 14 17 18 22 24 26 31 32 33 34 48 50 52 53 54 59 63 66 67 71 72 74 78 81 93 117 118 119 120 121 123 125 126 128 130 132 134 136 138 140 147 148 149 153 162 163 167 169 171 172 173 177 178 179 180 182 184 188 189 192 193 196 197 198 201 202 204 206 207 208 209 210 211 212 213 215 218 219 220 222 228 229 230 231 234 239 244 247 249 251 252 253 261 262 263 265 273 274 277 279 287 289 290 291 295 296 299 301 302 303 304 307 308 310 316 317 318 319 320 321 322 323 330 331 332 334 337 338 339 341 343 344 353 356 360 361 362 363 365 368 372 376 379 380 389 397 399 400 403 404 407 408 412 413 414 415 418 419 421 424 425 429 430 432 437 442 446 449 450 452 454 455 458 461 463 466 467 468 472 473 480 487 489 494 495 496 498 502 503 506 508 510 511 514 515 517 521 523 524 526 527 532 533 534 536 539 541 543 545 549 557 560 561 567 568 570 573 577 581 584 585 586 588 590 591 592 593 596 597 600 604 611 613 616 618 621 627 629 632 633 635 636 639 641 642 643 644 645 646 649 650 651 652 653 655 656 657 663 667 668 674 679 683 684 686 694 695 696 697 698 701 704 705 706 708 709 712 713 715 718 719 722 724 726 731 732 735 736 738 751 
