#1 756 0 0.08000 0 	 0 0 79 306 5
#2 756 0 0.07000 0 	 0 0 92 270 4
#3 756 0 0.01000 0 	 0 0 60 59 2
#4 756 0 0.06000 0 	 0 0 83 249 4
#5 756 0 0.06000 0 	 0 0 113 248 3
#6 756 0 0.07000 0 	 0 0 374 845 3
#7 756 0 0.08000 0 	 0 0 366 820 3
#8 756 0 0.06000 0 	 0 0 87 261 4
#9 756 0 0.07000 0 	 0 0 131 258 3
#10 756 0 0.00000 0 	 0 0 10 9 2
#11 756 0 0.00000 0 	 0 0 74 73 2
#12 756 0 0.06000 0 	 0 0 76 222 4
#13 756 0 0.07000 0 	 0 0 178 434 3
#14 756 0 0.06000 0 	 0 0 40 114 4
#15 756 0 0.06000 0 	 0 0 105 206 3
#16 756 0 0.00000 0 	 0 0 9 8 2
#17 756 0 0.07000 0 	 0 0 325 723 3
#18 756 0 0.10000 0 	 0 0 397 1207 3
#19 756 0 0.07000 0 	 0 0 25 99 5
#20 756 0 0.07000 0 	 0 0 128 387 4
#21 756 0 0.05000 0 	 0 0 27 50 3
#22 756 0 0.04000 0 	 0 0 13 12 2
#23 756 0 0.01000 0 	 0 0 114 113 2
#24 756 0 0.05000 0 	 0 0 149 294 3
#25 756 0 0.07000 0 	 0 0 264 527 3
#26 756 0 0.06000 0 	 0 0 137 270 3
#27 756 0 0.04000 0 	 0 0 9 19 3
#28 756 0 0.00000 0 	 0 0 11 10 2
#29 756 0 0.01000 0 	 0 0 130 129 2
#30 756 0 0.06000 0 	 0 0 205 717 3
#31 756 0 0.06000 0 	 0 0 142 384 3
#32 756 0 0.07000 0 	 0 0 112 330 4
#33 756 0 0.00000 0 	 0 0 111 110 2
#34 756 0 0.00000 0 	 0 0 15 14 2
#35 756 0 0.08000 0 	 0 0 131 402 4
#36 756 0 0.05000 0 	 0 0 143 370 3
#37 756 0 0.01000 0 	 0 0 145 144 2
#38 756 0 0.06000 0 	 0 0 108 213 3
#39 756 0 0.05000 0 	 0 0 143 283 3
#40 756 0 0.07000 0 	 0 0 173 591 4
#41 756 0 0.00000 0 	 0 0 117 116 2
#42 756 0 0.07000 0 	 0 0 70 270 5
#43 756 0 0.07000 0 	 0 0 115 339 4
#44 756 0 0.01000 0 	 0 0 88 87 2
#45 756 0 0.00000 0 	 0 0 112 111 2
#46 756 0 0.07000 0 	 0 0 190 530 3
#47 756 0 0.07000 0 	 0 0 214 585 3
#48 756 0 0.01000 0 	 0 0 131 130 2
#49 756 0 0.06000 0 	 0 0 83 243 4
#50 756 0 0.07000 0 	 0 0 268 726 3
#51 756 0 0.07000 0 	 0 0 203 639 4
#52 756 0 0.00000 0 	 0 0 11 10 2
#53 756 0 0.01000 0 	 0 0 101 100 2
#54 756 0 0.00000 0 	 0 0 39 38 2
#55 756 0 0.00000 0 	 0 0 43 42 2
#56 756 0 0.07000 0 	 0 0 140 328 3
#57 756 0 0.00000 0 	 0 0 9 8 2
#58 756 0 0.07000 0 	 0 0 366 790 3
#59 756 0 0.00000 0 	 0 0 16 15 2
#60 756 0 0.00000 0 	 0 0 17 16 2
#61 756 0 0.00000 0 	 0 0 40 39 2
#62 756 0 0.06000 0 	 0 0 265 688 3
#63 756 0 0.05000 0 	 0 0 223 442 3
#64 756 0 0.05000 0 	 0 0 193 382 3
#65 756 0 0.01000 0 	 0 0 19 18 2
#66 756 0 0.00000 0 	 0 0 102 101 2
#67 756 0 0.04000 0 	 0 0 7 11 3
#68 756 0 0.00000 0 	 0 0 6 5 2
#69 756 0 0.00000 0 	 0 0 6 5 2
#70 756 0 0.08000 0 	 0 0 226 684 4
#71 756 0 0.08000 0 	 0 0 349 805 3
#72 756 0 0.07000 0 	 0 0 246 502 3
#73 756 0 0.00000 0 	 0 0 8 7 2
#74 756 0 0.00000 0 	 0 0 12 11 2
#75 756 0 0.01000 0 	 0 0 79 78 2
#76 756 0 0.00000 0 	 0 0 15 14 2
#77 756 0 0.11000 0 	 0 0 446 1438 3
#78 756 0 0.00000 0 	 0 0 35 34 2
#79 756 0 0.08000 0 	 0 0 369 908 3
#80 756 0 0.07000 0 	 0 0 155 385 3
#81 756 0 0.00000 0 	 0 0 104 103 2
#82 756 0 0.01000 0 	 0 0 111 110 2
#83 756 0 0.05000 0 	 0 0 73 143 3
#84 756 0 0.05000 0 	 0 0 69 135 3
#85 756 0 0.06000 0 	 0 0 123 289 3
#86 756 0 0.05000 0 	 0 0 76 149 3
#87 756 0 0.06000 0 	 0 0 172 450 3
#88 756 0 0.06000 0 	 0 0 70 204 4
#89 756 0 0.08000 0 	 0 0 80 263 4
#90 756 0 0.06000 0 	 0 0 72 210 4
#91 756 0 0.08000 0 	 0 0 340 880 3
#92 756 0 0.05000 0 	 0 0 57 165 4
#93 756 0 0.08000 0 	 0 0 124 364 3
#94 756 0 0.05000 0 	 0 0 126 311 3
#95 756 0 0.06000 0 	 0 0 140 276 3
#96 756 0 0.07000 0 	 0 0 243 481 3
#97 756 0 0.05000 0 	 0 0 15 27 3
#98 756 0 0.00000 0 	 0 0 25 24 2
#99 756 0 0.00000 0 	 0 0 20 19 2
#100 756 0 0.08000 0 	 0 0 294 617 3
