100
#1 23
0 51 78 82 92 111 123 163 171 172 178 207 255 299 305 358 368 372 406 426 428 494 506 
#2 53
0 15 25 38 48 51 78 82 91 92 107 111 123 125 140 141 143 163 171 172 178 194 202 207 209 225 240 255 270 275 298 299 305 330 358 368 372 392 396 398 406 413 426 428 445 452 459 470 481 494 498 506 534 
#3 47
0 11 12 19 51 59 65 78 82 92 111 123 144 153 163 171 172 178 192 200 207 242 245 252 255 260 261 270 299 302 305 324 358 365 368 372 392 406 409 419 426 428 494 506 516 530 536 
#4 51
0 11 13 48 51 59 61 78 82 92 107 111 123 141 143 145 163 171 172 178 200 202 207 209 238 255 270 275 289 298 299 305 330 353 358 368 372 392 396 398 400 406 426 428 445 452 470 481 498 506 534 
#5 89
0 1 3 11 12 13 19 34 38 43 51 54 59 65 78 82 91 92 111 123 143 144 145 153 163 171 172 176 178 192 200 202 207 209 218 221 238 240 242 245 252 255 260 261 265 270 271 280 289 298 299 302 304 305 309 318 324 347 353 358 365 368 372 392 396 398 399 400 406 409 410 419 426 428 441 445 452 457 470 481 494 498 506 511 516 530 534 536 539 
#6 22
0 51 78 82 92 111 123 163 171 172 178 207 255 299 305 358 372 392 406 426 428 506 
#7 17
0 9 10 53 100 112 115 191 230 247 250 374 380 382 431 473 517 
#8 20
0 9 10 53 95 100 112 115 191 230 247 295 339 374 382 423 431 473 517 524 
#9 16
0 10 53 95 112 147 247 295 339 374 423 431 462 517 524 531 
#10 13
0 4 95 112 152 191 250 295 313 339 379 382 517 
#11 9
0 53 100 115 230 250 380 382 517 
#12 23
0 9 10 53 95 100 112 115 191 230 247 295 339 374 382 423 431 462 473 507 517 524 531 
#13 41
0 11 12 19 51 65 78 82 92 111 123 143 144 145 153 163 171 172 178 200 207 242 245 255 299 302 305 324 358 368 372 398 406 409 419 426 428 470 506 516 534 
#14 16
0 105 144 192 200 223 252 260 302 324 398 409 410 454 516 536 
#15 37
0 5 17 18 59 62 85 157 163 166 172 175 182 186 196 203 208 238 273 278 281 283 290 296 308 321 370 383 398 403 435 448 475 476 489 528 538 
#16 19
0 89 105 144 192 200 223 235 245 252 260 302 324 398 409 410 454 516 536 
#17 71
0 3 11 12 17 19 38 59 65 81 85 89 97 105 109 114 116 122 129 144 153 159 163 171 172 176 186 192 200 202 218 223 228 229 235 238 242 245 251 252 260 261 270 289 302 304 309 318 324 328 365 398 409 410 419 440 441 445 448 452 454 476 497 506 511 512 516 530 536 538 539 
#18 65
0 5 17 18 33 48 51 59 61 69 78 82 85 90 92 107 111 119 123 145 163 166 171 172 178 186 196 202 203 207 238 255 270 275 278 281 290 296 298 303 305 321 341 346 358 368 370 372 392 398 400 403 406 418 426 428 435 444 448 470 475 476 489 506 538 
#19 55
0 11 12 19 51 65 78 82 92 109 111 123 143 144 145 153 163 171 172 178 192 200 202 207 218 242 245 252 255 260 261 270 298 299 302 305 324 358 365 368 372 392 398 406 409 419 426 428 452 494 506 511 516 530 536 
#20 62
0 11 12 19 51 59 65 78 82 92 109 111 123 143 144 145 153 163 171 172 176 178 192 200 202 207 218 242 245 252 255 260 261 270 289 298 299 302 305 324 358 365 368 372 392 398 406 409 410 419 426 428 441 445 452 494 506 511 516 530 536 539 
#21 17
0 19 65 89 109 144 200 218 242 245 260 318 324 398 419 516 530 
#22 78
0 5 11 12 13 18 19 43 51 61 65 78 82 85 91 92 107 111 119 123 143 144 145 153 163 166 171 172 178 194 196 200 202 203 207 240 242 245 255 278 281 289 290 296 298 299 302 303 305 321 324 356 358 368 370 372 396 398 403 406 409 413 419 420 426 428 435 457 470 475 481 489 494 506 511 516 530 534 
#23 12
0 78 82 92 163 202 207 270 298 358 398 400 
#24 85
0 1 5 11 12 18 19 51 59 61 62 65 78 82 85 92 107 109 111 123 144 145 153 157 163 166 171 172 175 176 178 182 185 196 200 202 203 207 218 238 242 245 255 260 261 270 273 278 281 283 290 296 298 302 305 308 318 321 324 358 365 368 372 383 392 398 403 406 409 410 419 426 428 435 441 452 470 475 489 506 511 516 530 536 539 
#25 102
0 1 3 5 11 12 18 19 34 38 43 51 54 59 61 62 65 78 82 85 91 92 107 111 119 123 143 144 145 153 157 163 171 172 175 176 178 182 192 196 200 202 207 218 238 240 242 245 252 255 260 261 270 273 278 281 289 290 296 298 299 302 303 305 308 309 318 321 324 358 365 368 370 372 383 392 396 398 403 406 409 410 419 426 428 435 441 445 452 457 470 475 489 494 498 506 511 516 530 534 536 539 
#26 97
0 5 11 12 18 19 42 43 44 51 59 62 65 78 80 82 85 87 105 109 111 119 128 143 144 145 153 157 161 163 171 172 175 176 178 180 182 192 196 200 202 206 216 218 223 238 242 252 255 260 263 270 273 278 281 289 290 296 302 303 308 309 318 321 324 358 365 368 370 372 383 392 398 403 409 410 419 426 428 435 441 451 454 466 470 475 481 487 489 494 498 511 516 530 534 536 539 
#27 70
0 1 11 12 19 43 59 65 78 81 82 89 92 103 105 109 111 123 144 153 163 171 176 185 192 200 202 207 218 221 223 229 242 245 252 255 260 261 265 270 271 280 298 302 318 324 330 356 358 365 368 372 392 396 398 399 400 409 410 419 426 441 452 498 506 511 516 530 536 539 
#28 47
0 11 12 19 51 59 65 78 82 92 111 123 144 153 163 171 172 178 192 200 207 242 245 252 255 260 261 270 299 302 305 324 358 365 368 372 392 406 409 419 426 428 494 506 516 530 536 
#29 22
0 12 59 65 89 109 144 163 176 192 200 252 260 289 324 365 398 441 445 506 516 536 
#30 68
0 5 11 12 18 19 38 59 62 65 85 89 109 119 144 153 157 163 171 175 176 182 192 196 200 218 223 229 235 242 245 252 260 261 273 278 281 289 290 296 302 303 308 309 318 321 324 365 370 383 398 403 409 410 419 435 441 445 452 454 475 489 506 511 516 530 536 539 
#31 125
0 11 12 19 20 30 38 42 43 44 51 59 65 66 76 78 80 81 82 85 87 89 97 105 109 111 114 118 126 128 129 141 143 144 145 153 161 163 171 172 176 178 180 184 188 192 200 202 206 216 218 221 223 228 229 235 237 238 242 245 248 251 252 255 257 259 260 261 263 265 268 270 271 285 289 302 304 309 312 318 323 324 328 333 358 363 365 368 372 381 392 398 399 400 409 410 419 426 428 432 441 445 448 451 452 454 466 470 479 481 486 487 494 497 498 506 511 512 516 525 530 534 536 538 539 
#32 65
0 1 11 12 17 19 43 59 60 65 68 81 85 86 89 105 109 111 113 144 153 156 159 163 171 172 186 192 193 200 218 223 229 238 242 245 252 260 261 265 280 302 324 356 365 368 396 398 407 409 415 419 448 456 459 476 484 498 506 511 516 530 536 538 547 
#33 24
0 5 18 62 85 119 157 175 182 196 273 278 281 290 296 303 308 321 370 383 403 435 475 489 
#34 25
0 19 59 65 89 109 144 176 200 218 242 245 252 260 289 309 318 324 365 398 419 445 511 516 530 
#35 22
0 19 59 65 109 144 176 200 218 242 252 260 289 309 318 324 365 398 419 511 516 530 
#36 61
0 1 11 12 19 24 50 59 65 75 78 79 103 109 111 115 123 132 144 153 163 171 176 185 200 218 221 229 230 242 245 255 260 261 265 271 291 302 318 324 330 348 365 368 372 392 398 399 409 410 419 426 441 452 506 511 516 529 530 536 539 
#37 28
0 11 12 19 59 65 111 144 153 163 171 200 218 242 245 252 260 261 302 324 365 368 398 409 419 506 516 539 
#38 27
0 12 19 59 65 109 144 163 171 176 192 200 242 245 252 260 302 324 365 398 409 441 445 506 516 530 536 
#39 49
0 12 19 50 54 59 65 75 79 85 89 105 109 111 115 129 132 144 163 171 176 192 195 200 230 235 240 242 245 252 260 291 302 324 328 348 365 368 398 409 441 445 454 506 512 516 529 530 536 
#40 25
0 11 12 19 59 65 144 153 163 171 200 218 242 245 260 261 302 324 365 398 409 419 506 516 539 
#41 17
0 28 39 83 138 146 243 269 276 325 327 342 404 405 486 525 543 
#42 25
0 28 39 83 138 146 151 179 243 269 273 276 325 327 342 393 404 405 461 467 486 509 525 533 543 
#43 25
0 28 39 83 138 146 151 179 243 269 273 276 325 327 342 393 404 405 461 467 486 509 525 533 543 
#44 7
0 151 179 393 404 461 509 
#45 15
0 28 39 83 146 243 269 276 325 327 342 404 405 525 543 
#46 12
0 151 179 183 205 367 393 404 412 416 461 509 
#47 14
0 70 124 151 160 213 215 279 286 326 378 401 492 519 
#48 18
0 26 49 70 73 135 158 160 248 274 282 361 362 401 437 474 492 519 
#49 21
0 56 70 124 134 151 160 213 215 279 287 326 336 350 354 361 378 474 492 515 519 
#50 21
0 26 56 70 124 151 160 187 210 213 215 279 326 362 378 394 437 471 492 519 537 
#51 38
0 12 59 63 65 89 109 134 144 163 171 176 184 188 192 200 229 252 257 260 270 289 309 324 332 364 365 389 398 402 426 428 441 445 449 506 516 536 
#52 18
0 6 27 29 32 37 74 93 120 201 294 320 329 397 483 513 524 540 
#53 18
0 26 70 71 75 79 121 151 158 160 184 322 326 335 345 371 378 397 
#54 21
0 31 88 99 124 134 151 160 168 190 212 326 336 350 354 361 378 386 434 474 515 
#55 18
0 26 70 71 75 79 121 151 158 160 184 322 326 335 345 371 378 397 
#56 53
0 22 32 49 50 52 63 73 75 79 96 98 99 115 121 127 130 132 134 135 150 167 168 179 181 184 189 219 230 233 244 248 258 274 282 291 326 332 335 345 348 361 371 389 393 411 437 458 461 474 495 499 529 
#57 21
0 31 88 99 124 134 151 160 168 190 212 326 336 350 354 361 378 386 434 474 515 
#58 31
0 23 50 70 75 79 88 115 124 132 134 160 168 190 198 212 230 291 326 336 348 350 354 361 378 390 468 474 513 515 529 
#59 18
0 26 49 70 73 135 158 160 248 274 282 361 362 401 437 474 492 519 
#60 12
0 22 75 151 213 215 273 331 350 361 378 492 
#61 22
0 12 59 65 89 109 144 163 176 192 200 252 260 289 324 365 398 441 445 506 516 536 
#62 29
0 23 53 70 88 95 124 134 160 168 190 198 212 295 326 336 339 350 354 361 378 390 423 468 474 513 515 517 524 
#63 38
0 28 39 70 83 124 134 138 146 151 160 190 213 215 243 276 279 286 287 325 326 327 336 342 350 354 361 378 386 401 404 405 474 492 515 519 525 537 
#64 36
0 22 32 50 52 60 63 68 94 98 99 117 127 130 134 150 167 168 179 181 184 219 233 244 291 326 332 361 389 393 411 461 493 495 499 529 
#65 32
0 5 26 49 62 85 119 135 157 166 175 182 196 203 273 274 281 282 290 308 361 362 370 390 394 403 435 437 474 475 489 492 
#66 17
0 22 63 96 98 130 134 184 189 248 258 287 371 389 393 446 495 
#67 38
0 8 22 32 36 52 63 98 99 102 127 130 134 168 179 181 184 195 219 224 233 244 293 307 311 326 332 361 387 389 393 411 436 442 480 485 495 499 
#68 11
0 27 31 93 96 121 184 326 345 371 397 
#69 32
0 27 46 63 96 98 121 130 134 151 171 184 189 212 248 258 287 306 322 326 345 361 371 389 391 393 402 437 446 463 495 499 
#70 30
0 21 31 56 88 99 124 134 151 160 168 190 210 212 213 215 279 287 326 336 350 354 361 378 386 434 474 492 515 519 
#71 31
0 22 32 52 63 98 99 127 130 134 150 167 168 179 181 184 188 219 233 244 257 289 326 332 361 389 393 411 461 495 499 
#72 31
0 22 31 57 63 70 98 99 130 134 150 151 160 179 181 184 258 273 326 329 338 361 378 393 397 404 449 461 474 505 509 
#73 16
0 49 73 130 135 184 189 248 258 274 282 361 371 389 437 474 
#74 11
0 27 31 93 96 121 184 326 345 371 397 
#75 15
0 21 56 124 151 160 210 213 215 279 287 326 378 492 519 
#76 21
0 31 88 99 124 134 151 160 168 190 212 326 336 350 354 361 378 386 434 474 515 
#77 94
0 1 11 12 17 19 26 43 56 60 63 65 68 70 81 86 89 105 109 111 113 124 134 144 151 153 159 160 163 171 184 187 192 200 210 213 215 218 223 229 242 245 252 260 261 265 279 280 287 302 306 324 326 332 336 350 354 356 360 361 362 365 368 378 389 394 396 397 402 407 409 415 419 423 434 437 438 449 456 471 474 477 492 498 506 511 513 515 516 519 526 530 536 537 
#78 18
0 27 98 127 167 179 326 327 332 378 393 404 405 461 463 505 509 513 
#79 41
0 41 64 70 124 134 151 154 160 190 213 215 222 264 279 286 287 315 326 334 336 344 350 351 354 359 361 377 378 386 401 474 488 492 501 515 519 528 532 535 537 
#80 55
0 21 22 26 31 49 56 63 70 73 98 99 130 134 135 151 158 160 179 181 184 187 210 248 258 274 279 282 286 326 360 361 362 371 378 390 393 394 397 401 437 438 446 449 464 468 471 474 477 492 499 515 519 526 537 
#81 17
0 7 17 26 60 136 167 171 188 294 301 310 417 427 429 472 522 
#82 11
0 22 75 88 98 169 171 239 287 336 338 
#83 19
0 5 62 85 157 166 175 182 196 203 273 281 290 308 370 403 435 475 489 
#84 15
0 5 18 85 119 166 196 278 290 296 321 370 403 435 489 
#85 12
0 5 85 119 166 196 273 290 370 403 435 489 
#86 13
0 5 18 33 85 119 166 196 278 321 337 341 346 
#87 37
0 5 35 41 45 62 64 69 72 85 119 154 157 165 166 175 182 196 203 211 253 266 273 308 315 334 344 359 377 383 403 418 435 475 489 501 532 
#88 51
0 5 18 35 41 45 62 64 69 72 85 119 154 157 165 166 175 182 196 203 211 222 253 264 266 273 278 281 283 290 296 308 315 321 334 344 351 359 370 377 383 403 418 435 475 488 489 501 528 532 535 
#89 45
0 5 18 35 41 45 62 64 69 72 85 119 154 157 165 166 175 182 196 203 211 253 266 273 278 281 283 290 296 308 315 321 334 344 359 370 377 383 403 418 435 475 489 501 532 
#90 40
0 5 18 33 35 45 62 69 72 85 90 119 157 165 166 175 182 196 203 211 231 253 266 273 278 290 296 308 321 337 341 346 370 383 403 408 435 444 475 489 
#91 44
0 26 49 56 70 73 124 134 135 151 158 160 190 210 213 215 248 274 279 282 286 287 326 336 350 354 361 362 378 386 390 394 401 434 437 438 468 474 477 492 515 519 537 544 
#92 44
0 21 26 49 56 70 124 134 135 151 158 160 187 190 210 213 215 248 274 279 282 286 287 326 336 350 354 361 362 378 386 390 394 401 437 438 464 468 474 477 492 515 519 537 
#93 45
0 21 26 49 56 70 73 124 134 135 151 158 160 187 190 210 213 215 248 274 279 282 286 326 336 350 354 361 362 378 390 394 401 434 437 438 464 468 471 477 492 515 519 537 544 
#94 11
0 151 160 286 326 361 378 401 492 515 519 
#95 34
0 11 12 19 59 65 109 111 144 153 163 171 176 200 218 242 245 260 261 302 324 365 368 398 409 410 419 441 506 511 516 530 536 539 
#96 33
0 11 12 19 59 65 111 144 153 163 171 176 192 200 218 242 245 252 260 261 302 324 365 368 409 419 441 445 506 516 530 536 539 
#97 32
0 11 12 19 59 65 111 144 153 163 171 176 200 218 242 245 260 261 302 324 365 368 409 410 419 441 506 511 516 530 536 539 
#98 34
0 11 12 19 59 65 109 111 144 153 163 171 176 200 218 242 245 260 261 302 324 365 368 398 409 410 419 441 506 511 516 530 536 539 
#99 9
0 59 113 114 228 305 465 476 516 
#100 38
0 17 49 59 60 73 96 110 113 114 121 127 130 135 184 189 227 228 248 258 274 282 305 335 343 345 361 371 389 415 437 458 463 465 474 476 516 521 
