#1 548 0 0.01000 0 	 0 0 23 63 4
#2 548 0 0.02000 0 	 0 0 53 111 3
#3 548 0 0.00000 0 	 0 0 47 46 2
#4 548 0 0.02000 0 	 0 0 51 130 3
#5 548 0 0.02000 0 	 0 0 89 214 3
#6 548 0 0.01000 0 	 0 0 22 41 3
#7 548 0 0.01000 0 	 0 0 17 36 3
#8 548 0 0.02000 0 	 0 0 20 38 3
#9 548 0 0.01000 0 	 0 0 16 29 3
#10 548 0 0.00000 0 	 0 0 13 12 2
#11 548 0 0.00000 0 	 0 0 9 8 2
#12 548 0 0.02000 0 	 0 0 23 46 3
#13 548 0 0.01000 0 	 0 0 41 83 3
#14 548 0 0.01000 0 	 0 0 16 29 3
#15 548 0 0.01000 0 	 0 0 37 70 3
#16 548 0 0.00000 0 	 0 0 19 18 2
#17 548 0 0.03000 0 	 0 0 71 167 3
#18 548 0 0.02000 0 	 0 0 65 129 3
#19 548 0 0.01000 0 	 0 0 55 134 3
#20 548 0 0.02000 0 	 0 0 62 123 3
#21 548 0 0.00000 0 	 0 0 17 31 3
#22 548 0 0.02000 0 	 0 0 78 152 3
#23 548 0 0.00000 0 	 0 0 12 11 2
#24 548 0 0.02000 0 	 0 0 85 177 3
#25 548 0 0.02000 0 	 0 0 102 224 3
#26 548 0 0.02000 0 	 0 0 97 190 3
#27 548 0 0.02000 0 	 0 0 70 167 3
#28 548 0 0.00000 0 	 0 0 47 46 2
#29 548 0 0.01000 0 	 0 0 22 21 2
#30 548 0 0.01000 0 	 0 0 68 132 3
#31 548 0 0.03000 0 	 0 0 125 290 3
#32 548 0 0.03000 0 	 0 0 65 133 3
#33 548 0 0.00000 0 	 0 0 24 23 2
#34 548 0 0.00000 0 	 0 0 25 24 2
#35 548 0 0.01000 0 	 0 0 22 60 4
#36 548 0 0.02000 0 	 0 0 61 118 3
#37 548 0 0.00000 0 	 0 0 28 27 2
#38 548 0 0.01000 0 	 0 0 27 51 3
#39 548 0 0.02000 0 	 0 0 49 94 3
#40 548 0 0.01000 0 	 0 0 25 69 4
#41 548 0 0.00000 0 	 0 0 17 16 2
#42 548 0 0.02000 0 	 0 0 25 59 3
#43 548 0 0.02000 0 	 0 0 25 59 3
#44 548 0 0.00000 0 	 0 0 7 6 2
#45 548 0 0.00000 0 	 0 0 15 14 2
#46 548 0 0.01000 0 	 0 0 12 20 3
#47 548 0 0.01000 0 	 0 0 14 36 4
#48 548 0 0.00000 0 	 0 0 18 17 2
#49 548 0 0.01000 0 	 0 0 21 57 4
#50 548 0 0.01000 0 	 0 0 21 39 3
#51 548 0 0.01000 0 	 0 0 38 72 3
#52 548 0 0.00000 0 	 0 0 18 17 2
#53 548 0 0.01000 0 	 0 0 18 17 2
#54 548 0 0.00000 0 	 0 0 21 20 2
#55 548 0 0.01000 0 	 0 0 18 17 2
#56 548 0 0.02000 0 	 0 0 53 106 3
#57 548 0 0.00000 0 	 0 0 21 20 2
#58 548 0 0.01000 0 	 0 0 31 58 3
#59 548 0 0.00000 0 	 0 0 18 17 2
#60 548 0 0.00000 0 	 0 0 12 11 2
#61 548 0 0.01000 0 	 0 0 22 21 2
#62 548 0 0.01000 0 	 0 0 29 54 3
#63 548 0 0.02000 0 	 0 0 38 72 3
#64 548 0 0.01000 0 	 0 0 36 68 3
#65 548 0 0.00000 0 	 0 0 32 31 2
#66 548 0 0.00000 0 	 0 0 17 16 2
#67 548 0 0.01000 0 	 0 0 38 72 3
#68 548 0 0.00000 0 	 0 0 11 10 2
#69 548 0 0.00000 0 	 0 0 32 31 2
#70 548 0 0.01000 0 	 0 0 30 61 3
#71 548 0 0.02000 0 	 0 0 31 58 3
#72 548 0 0.01000 0 	 0 0 31 60 3
#73 548 0 0.00000 0 	 0 0 16 15 2
#74 548 0 0.00000 0 	 0 0 11 10 2
#75 548 0 0.01000 0 	 0 0 15 14 2
#76 548 0 0.00000 0 	 0 0 21 20 2
#77 548 0 0.02000 0 	 0 0 94 185 3
#78 548 0 0.00000 0 	 0 0 18 17 2
#79 548 0 0.02000 0 	 0 0 41 78 3
#80 548 0 0.02000 0 	 0 0 55 130 3
#81 548 0 0.00000 0 	 0 0 17 16 2
#82 548 0 0.00000 0 	 0 0 11 10 2
#83 548 0 0.01000 0 	 0 0 19 35 3
#84 548 0 0.00000 0 	 0 0 15 27 3
#85 548 0 0.01000 0 	 0 0 12 21 3
#86 548 0 0.01000 0 	 0 0 13 23 3
#87 548 0 0.01000 0 	 0 0 37 70 3
#88 548 0 0.02000 0 	 0 0 51 99 3
#89 548 0 0.01000 0 	 0 0 45 86 3
#90 548 0 0.02000 0 	 0 0 40 94 3
#91 548 0 0.01000 0 	 0 0 44 113 3
#92 548 0 0.02000 0 	 0 0 44 114 3
#93 548 0 0.02000 0 	 0 0 45 122 3
#94 548 0 0.01000 0 	 0 0 11 27 4
#95 548 0 0.01000 0 	 0 0 34 65 3
#96 548 0 0.01000 0 	 0 0 33 82 3
#97 548 0 0.01000 0 	 0 0 32 61 3
#98 548 0 0.00000 0 	 0 0 34 33 2
#99 548 0 0.00000 0 	 0 0 9 8 2
#100 548 0 0.02000 0 	 0 0 38 72 3
