100
#1 86
0 4 5 12 15 18 20 22 25 27 28 29 31 40 41 45 46 48 49 52 54 56 58 62 63 66 68 71 73 77 82 84 85 86 88 90 92 93 98 106 110 114 115 117 119 125 127 129 133 137 138 141 146 147 150 151 154 157 160 161 165 166 167 168 169 171 174 177 178 179 180 181 190 191 192 196 198 199 208 211 214 215 216 218 221 222 
#2 70
0 4 15 20 22 25 27 28 29 31 40 41 45 46 49 52 54 58 62 63 66 73 77 82 84 85 86 90 92 93 106 110 114 115 119 127 129 133 136 137 138 141 147 151 154 157 160 161 165 166 167 168 169 171 178 179 180 181 190 191 192 196 198 199 208 214 216 218 221 222 
#3 35
0 15 22 25 27 29 31 45 49 54 66 68 77 82 85 90 92 115 119 129 137 146 154 160 167 168 169 178 196 198 208 214 216 221 222 
#4 26
0 25 29 40 49 54 56 62 66 71 82 90 92 115 119 160 161 167 168 171 174 178 179 198 214 216 
#5 74
0 5 12 15 18 22 25 27 29 31 40 41 45 46 49 54 56 58 66 68 70 71 73 74 77 82 83 85 86 93 100 105 109 110 112 114 115 119 120 125 129 135 136 137 138 146 150 151 157 158 160 161 167 169 171 174 176 178 179 181 183 185 191 193 196 203 208 211 214 216 218 220 221 222 
#6 26
0 5 18 25 29 31 45 49 54 66 68 71 82 85 119 129 146 151 167 169 171 178 179 208 214 221 
#7 26
0 6 7 11 13 14 19 20 23 35 50 64 76 104 114 128 129 135 143 154 185 196 200 202 203 212 
#8 38
0 4 9 20 21 34 42 49 51 52 58 62 63 73 78 85 111 116 123 133 138 140 147 148 159 165 166 170 171 172 179 190 192 199 206 209 216 218 
#9 28
0 9 15 21 33 38 42 51 73 77 78 89 90 111 113 115 123 131 137 139 161 163 170 172 178 206 209 218 
#10 15
0 6 7 11 19 50 57 106 124 129 143 173 200 202 210 
#11 15
0 6 7 11 19 50 57 106 124 129 143 173 200 202 210 
#12 90
0 5 11 13 18 19 22 24 25 27 29 31 45 48 50 51 54 59 62 64 66 68 71 72 74 77 79 82 84 85 86 92 93 96 98 99 100 105 109 110 112 114 115 119 125 127 129 131 136 137 138 141 142 144 145 146 147 151 154 156 157 160 161 166 167 168 169 171 174 176 177 178 179 181 185 192 193 195 196 198 203 208 211 214 216 218 221 222 223 225 
#13 46
0 5 8 15 18 19 20 25 27 28 29 31 45 52 58 62 63 65 66 73 82 84 119 126 129 137 138 144 145 147 148 151 156 157 161 166 171 179 180 192 193 203 208 214 216 221 
#14 20
0 5 18 29 58 62 66 73 82 84 119 138 151 161 171 179 180 208 214 216 
#15 47
0 5 12 18 22 25 27 29 40 45 46 49 54 56 62 66 71 82 86 90 92 110 114 115 119 129 146 151 160 161 167 168 169 171 174 177 178 179 196 198 199 208 214 216 218 221 222 
#16 43
0 5 15 25 27 29 31 45 46 54 56 62 66 68 71 77 82 85 92 119 129 137 138 146 147 151 154 157 160 161 167 168 171 174 178 179 181 191 192 196 208 218 221 
#17 43
0 9 19 20 21 22 32 39 51 60 66 70 71 73 79 84 86 91 93 111 116 119 121 131 137 139 147 148 151 152 153 154 157 170 172 186 191 209 212 218 222 224 227 
#18 77
0 6 7 11 13 22 24 25 29 35 46 48 50 51 57 58 64 66 75 76 77 82 83 84 85 90 98 104 106 109 110 112 114 117 119 124 127 128 129 135 136 137 141 143 146 147 151 154 157 160 161 164 168 169 173 179 181 185 191 192 193 196 197 199 202 208 210 211 212 213 214 215 216 221 222 223 225 
#19 35
0 4 8 15 20 38 49 52 58 62 63 73 77 85 90 115 116 126 133 137 138 147 148 161 165 166 171 178 179 187 190 192 199 216 222 
#20 40
0 12 22 25 29 36 40 49 54 56 60 62 66 69 71 82 86 90 92 98 115 119 157 158 160 161 167 168 171 174 177 178 179 198 211 214 216 222 225 226 
#21 90
0 4 5 6 7 11 13 15 18 19 20 25 27 29 31 40 45 48 49 50 52 54 56 57 62 63 66 71 73 77 82 85 88 90 92 93 98 100 106 110 114 115 116 117 119 124 128 129 133 135 136 137 138 142 143 146 147 148 150 151 154 157 160 161 165 166 167 168 169 171 174 178 179 180 181 185 190 191 192 198 199 200 202 208 210 211 212 214 216 221 
#22 80
0 4 5 15 18 20 25 27 29 31 40 45 48 49 51 52 54 56 62 63 66 71 73 76 77 82 85 88 90 92 93 98 100 103 110 114 115 116 117 119 129 133 134 136 137 138 142 146 147 148 150 151 154 157 158 160 161 165 166 167 168 169 171 174 178 179 180 181 190 191 192 197 198 199 208 211 214 216 218 221 
#23 10
0 83 109 120 135 158 176 183 185 193 
#24 44
0 2 6 7 11 13 19 21 24 29 35 50 57 61 64 66 67 72 76 87 102 104 106 109 114 117 124 128 129 135 143 154 158 164 173 182 185 187 200 202 203 210 212 218 
#25 48
0 4 20 28 48 49 51 52 58 62 63 68 71 79 82 85 94 103 110 114 127 131 133 134 137 138 139 146 147 157 165 166 167 169 171 172 174 179 181 190 192 194 196 197 199 214 216 218 
#26 32
0 5 12 22 25 29 46 49 54 56 66 68 71 82 114 115 119 129 137 146 151 157 167 174 178 179 181 196 208 214 216 222 
#27 99
0 5 7 12 14 18 22 25 27 29 31 35 40 41 45 46 48 49 50 54 56 58 62 63 64 66 67 68 69 71 73 74 75 76 79 82 85 86 88 90 92 96 98 99 106 110 114 115 117 119 127 128 129 133 136 138 141 142 146 147 149 151 154 157 160 161 162 165 166 167 168 169 171 174 175 177 178 179 189 191 192 196 197 198 199 202 203 208 210 211 212 213 214 215 216 218 221 222 225 
#28 6
0 51 131 139 172 218 
#29 47
0 5 15 18 22 25 27 29 31 40 45 49 54 56 66 68 71 77 82 85 86 90 92 110 114 115 119 129 137 146 151 160 161 167 168 169 171 178 179 181 196 198 208 214 216 221 222 
#30 43
0 1 4 5 15 20 28 52 54 58 59 62 63 66 73 85 88 90 110 114 116 132 133 141 146 147 148 150 151 154 157 162 166 169 171 175 179 180 188 190 192 196 216 
#31 49
0 9 11 13 21 24 27 29 31 33 34 42 45 48 49 52 54 62 66 73 78 88 89 90 92 98 111 123 129 140 142 150 151 159 163 165 166 167 170 171 172 178 181 184 206 208 209 211 214 
#32 85
0 5 7 12 14 15 18 22 25 27 29 31 40 41 45 46 48 49 54 56 57 58 63 66 67 68 69 71 73 74 75 80 82 84 85 86 88 93 98 99 100 105 112 114 115 117 119 125 127 129 133 136 137 138 146 149 150 151 161 166 167 168 169 171 173 174 178 179 181 189 191 196 199 203 208 210 211 212 213 214 216 218 221 222 224 
#33 29
0 5 15 29 31 41 45 46 54 58 62 63 66 73 85 98 119 129 137 141 146 147 154 157 167 179 192 211 214 
#34 39
0 2 19 27 51 61 66 72 75 76 80 83 86 87 98 109 117 120 135 158 160 161 164 167 168 176 182 183 185 193 197 198 200 202 203 208 210 218 225 
#35 13
0 13 29 50 104 117 128 129 135 143 173 185 202 
#36 9
0 66 70 84 86 119 191 218 224 
#37 13
0 13 24 50 59 64 72 109 176 185 193 195 223 
#38 21
0 9 21 33 34 42 73 78 89 91 111 123 140 153 159 163 170 172 186 206 209 
#39 34
0 4 20 28 48 51 52 58 62 63 66 84 85 86 109 110 116 133 138 146 147 148 157 158 162 168 171 179 190 192 195 196 218 223 
#40 95
0 5 6 7 12 13 14 15 18 19 22 25 27 29 31 41 45 46 48 49 54 56 58 64 66 67 68 69 71 72 74 82 84 85 86 88 90 92 93 99 100 104 106 110 114 115 117 119 125 127 129 135 137 138 143 144 145 146 147 150 151 154 156 157 158 160 161 165 167 168 169 171 173 178 179 180 185 189 191 192 196 198 199 202 203 208 210 212 214 215 216 218 221 222 225 
#41 37
0 5 18 45 46 54 62 66 71 73 77 84 85 92 110 119 137 138 146 147 151 154 157 167 168 171 178 179 181 191 192 196 208 214 216 221 222 
#42 26
0 45 49 52 54 58 62 63 66 73 82 85 94 110 116 133 138 147 165 166 167 171 179 192 199 216 
#43 42
0 4 20 28 29 48 49 52 54 58 62 63 66 71 82 85 90 92 110 116 119 133 137 138 142 147 148 151 157 165 166 171 179 180 190 191 192 199 211 214 216 221 
#44 23
0 4 20 49 52 58 62 63 73 85 116 133 138 147 148 165 166 171 179 190 192 199 216 
#45 39
0 5 15 18 31 45 54 62 66 73 77 82 84 85 90 110 119 129 136 137 138 147 151 154 157 160 167 168 169 171 174 179 181 191 192 198 214 221 222 
#46 5
0 1 88 132 188 
#47 78
0 2 9 21 22 25 26 27 29 31 45 51 56 59 61 68 69 70 74 75 79 80 81 82 84 85 86 87 88 89 90 92 93 96 103 105 109 110 111 113 114 118 123 125 129 131 134 137 139 150 154 158 160 161 162 164 167 170 172 174 177 179 182 185 188 195 197 198 199 200 201 204 209 211 218 221 222 224 
#48 7
0 68 103 134 194 197 218 
#49 20
0 9 21 33 34 42 51 73 78 111 113 123 140 159 163 170 172 206 209 218 
#50 13
0 21 34 42 73 78 111 123 140 163 170 206 209 
#51 13
0 21 34 42 73 78 111 123 140 163 170 206 209 
#52 16
0 9 21 34 42 73 78 111 123 140 159 163 170 172 206 209 
#53 9
0 16 44 47 53 95 130 155 219 
#54 8
0 16 44 47 53 95 155 219 
#55 8
0 16 44 47 53 95 155 219 
#56 10
0 10 16 44 47 53 95 101 155 219 
#57 48
0 5 12 18 25 27 29 31 40 45 49 54 56 66 68 71 77 82 85 86 90 92 110 115 119 129 137 146 151 154 160 161 167 168 169 171 174 177 178 179 181 196 198 208 214 216 221 222 
#58 22
0 2 21 51 61 76 80 87 98 103 109 112 134 144 158 161 164 167 182 187 197 218 
#59 30
0 5 22 25 29 31 49 73 74 84 85 86 93 105 115 119 125 129 161 167 168 169 178 191 208 214 216 218 221 222 
#60 29
0 7 11 15 19 25 29 31 45 50 57 66 76 106 109 128 129 135 137 143 158 173 179 200 202 203 208 210 221 
#61 31
0 12 22 25 27 29 40 49 56 66 71 77 82 90 92 110 114 115 129 151 160 161 167 174 177 178 198 199 208 216 218 
#62 55
0 1 5 12 17 18 22 25 27 29 40 48 49 56 62 66 69 71 76 79 82 88 92 93 98 99 110 114 115 132 133 137 138 149 151 154 160 161 162 167 168 171 174 177 178 181 188 196 198 199 208 216 218 222 225 
#63 105
0 1 5 6 7 11 12 13 15 18 19 22 25 27 29 31 40 41 43 45 48 49 50 51 54 56 59 64 66 67 68 71 73 74 77 80 82 85 86 88 90 92 93 96 98 100 104 106 110 112 114 115 117 119 125 127 129 132 135 136 137 141 142 143 144 145 146 150 151 154 156 160 161 162 165 167 168 169 171 173 174 177 178 179 180 181 185 188 192 196 198 199 200 202 203 208 210 211 212 214 216 218 221 222 225 
#64 44
0 5 9 21 22 27 29 33 34 42 51 54 73 74 78 84 86 93 105 111 119 123 125 131 137 138 140 160 161 163 167 168 170 172 178 191 206 208 209 211 218 221 222 224 
#65 32
0 2 7 11 15 19 61 66 76 80 83 86 87 109 120 151 154 158 160 164 176 182 183 185 193 197 200 208 212 216 218 220 
#66 40
0 12 15 22 25 27 29 31 40 49 54 66 68 71 77 82 90 92 114 115 119 129 137 146 151 160 161 167 171 174 177 178 179 181 196 198 208 214 216 222 
#67 13
0 14 41 67 69 99 114 117 127 154 189 196 215 
#68 27
0 14 41 54 58 62 67 69 71 75 93 98 99 114 117 119 127 141 146 147 149 154 174 189 196 211 215 
#69 27
0 14 41 54 58 62 67 69 71 75 93 98 99 114 117 119 127 141 146 147 149 154 174 189 196 211 215 
#70 12
0 14 69 92 98 99 110 114 119 127 149 196 
#71 60
0 4 5 15 18 27 28 31 45 52 54 58 62 66 70 73 74 77 82 84 85 86 90 94 105 109 110 119 125 129 133 136 137 138 147 148 151 154 157 160 165 167 168 169 171 174 179 180 181 190 191 192 198 208 214 215 218 221 222 224 
#72 96
0 2 4 5 9 15 19 20 21 22 25 27 28 29 34 40 42 44 45 46 49 51 52 54 58 62 63 66 70 73 76 77 78 80 81 82 84 85 86 90 92 93 94 106 110 115 116 119 123 125 127 129 133 136 137 138 140 141 142 146 147 151 154 157 159 160 161 165 166 167 168 169 170 171 172 178 179 180 181 190 191 192 194 196 198 199 201 203 204 206 214 216 218 220 221 222 
#73 33
0 5 18 25 40 49 54 62 66 71 73 82 84 85 92 110 115 119 137 138 147 154 157 167 168 171 174 178 179 191 192 214 216 
#74 39
0 12 15 22 25 27 29 40 49 56 66 71 82 85 86 90 92 114 115 119 129 137 151 154 160 161 167 168 169 171 174 177 178 179 198 208 214 216 221 
#75 29
0 5 18 22 27 46 49 62 66 73 77 82 84 86 110 119 137 138 147 151 157 168 179 180 191 208 214 216 221 
#76 16
0 4 20 52 58 63 85 110 116 147 148 166 171 179 190 192 
#77 99
0 4 6 12 15 20 22 25 27 28 29 31 38 40 41 43 45 46 49 51 52 54 56 58 62 63 66 71 73 74 77 79 82 84 85 86 88 90 92 93 94 98 103 104 105 106 110 112 114 115 116 117 119 124 125 127 129 133 136 137 138 147 148 149 150 151 154 157 158 160 161 164 165 166 167 168 169 171 174 177 178 179 180 181 191 192 193 198 199 208 211 212 214 216 218 220 221 222 225 
#78 37
0 5 18 45 46 54 62 66 71 73 77 84 85 92 110 119 137 138 146 147 151 154 157 167 168 171 178 179 181 191 192 196 208 214 216 221 222 
#79 70
0 5 12 14 15 18 22 25 27 29 31 40 45 49 54 56 62 66 67 69 70 71 75 82 85 92 98 99 110 114 115 117 119 127 129 133 137 146 147 149 151 154 157 160 161 162 165 167 168 169 171 174 177 178 181 189 191 192 196 198 199 208 211 213 214 215 216 221 222 225 
#80 22
0 22 25 27 29 45 49 54 68 77 82 115 119 129 137 167 178 196 214 216 221 222 
#81 32
0 4 5 15 20 28 52 54 58 62 63 66 73 85 110 133 141 146 147 148 151 154 157 166 169 171 179 180 190 192 196 216 
#82 35
0 4 20 28 49 52 58 62 63 71 82 85 110 114 127 133 137 138 146 147 157 165 166 167 169 171 174 179 181 190 192 196 199 214 216 
#83 71
0 4 5 12 15 18 20 22 25 27 28 29 31 40 45 49 52 54 56 58 62 63 66 68 71 74 77 82 85 90 92 110 114 115 117 119 125 127 129 133 137 138 142 146 147 151 154 157 160 161 165 166 167 168 169 171 174 177 178 179 181 190 192 196 198 199 208 214 216 221 222 
#84 35
0 15 18 22 25 27 29 31 45 54 66 71 82 85 110 115 119 129 137 146 151 154 160 167 168 169 171 178 181 196 198 208 214 216 221 
#85 76
0 5 15 18 20 22 25 27 29 31 40 41 45 46 48 49 52 54 56 58 62 63 66 68 71 73 77 82 84 85 86 88 90 92 98 106 110 114 115 119 125 129 133 137 138 141 142 146 147 148 151 157 160 161 165 166 167 168 169 171 178 179 180 181 190 191 192 196 198 199 208 211 214 216 221 222 
#86 76
0 5 12 18 25 27 29 31 40 41 45 48 49 51 54 56 62 66 68 71 73 74 77 79 80 82 85 86 88 90 92 93 98 105 106 110 114 115 119 125 129 133 137 138 141 142 146 150 151 154 157 158 160 161 164 166 167 168 169 171 174 177 178 179 181 191 196 198 208 212 214 216 218 221 222 225 
#87 73
0 5 14 15 18 22 25 27 29 31 45 46 48 49 52 54 56 62 66 67 68 69 70 73 74 76 77 82 84 85 86 88 90 92 93 99 105 110 114 115 117 119 125 127 129 137 138 146 147 150 151 154 157 160 167 168 169 178 179 180 189 191 196 198 208 211 213 214 216 218 221 222 224 
#88 81
0 5 12 14 15 18 19 22 24 25 27 29 31 41 45 46 48 49 52 54 56 58 62 66 68 69 71 74 75 77 82 84 85 86 88 90 92 93 106 110 114 119 125 129 133 137 138 142 146 147 149 150 151 154 157 160 161 165 166 167 168 169 171 178 179 180 190 191 192 197 198 199 208 211 213 214 216 218 221 222 225 
#89 49
0 5 12 18 25 27 29 31 40 45 49 51 54 56 62 68 71 74 82 84 85 86 92 93 105 125 129 137 138 146 150 154 157 158 160 161 167 168 171 174 178 179 181 191 198 214 216 221 224 
#90 74
0 4 5 6 7 12 13 14 15 20 25 27 29 41 46 49 52 56 58 62 63 64 66 67 69 71 72 73 77 82 85 99 104 106 114 115 116 117 127 129 133 135 137 138 143 146 147 148 151 154 157 158 161 165 166 171 173 178 179 185 189 190 191 192 196 199 202 208 210 212 215 216 220 225 
#91 72
0 5 12 15 22 25 27 29 41 49 51 54 56 58 66 69 70 71 72 74 75 76 82 84 85 86 92 93 98 99 105 106 109 110 114 119 125 129 136 137 138 141 147 151 154 158 160 161 164 167 168 175 178 179 181 191 197 198 199 200 208 210 211 212 213 214 216 218 221 222 224 225 
#92 12
0 27 74 84 86 105 119 125 168 208 218 224 
#93 66
0 6 7 11 12 13 15 19 27 29 40 41 50 51 54 56 57 58 62 71 76 77 82 86 92 93 98 104 106 114 117 119 124 127 128 129 135 137 141 142 143 149 151 154 157 160 161 167 168 171 173 174 177 185 192 198 199 200 202 203 208 210 211 212 214 225 
#94 106
0 5 6 7 11 12 13 15 18 19 22 25 27 29 31 35 41 43 45 46 48 50 51 54 56 57 64 66 68 71 72 73 76 77 82 84 85 86 88 89 90 92 93 96 98 100 104 106 109 112 114 115 117 119 124 125 128 129 135 136 137 138 141 142 143 144 145 146 150 151 154 156 158 160 161 162 164 167 168 169 171 173 175 177 178 179 181 185 195 196 198 199 200 202 203 208 210 211 212 214 216 218 220 221 222 223 
#95 43
0 12 15 18 22 25 27 29 31 45 49 54 56 68 71 77 82 86 90 92 110 114 115 129 137 146 154 160 161 167 169 171 174 177 178 181 196 198 208 214 216 221 222 
#96 26
0 6 7 11 19 22 29 50 57 66 76 106 112 129 135 143 151 158 164 169 173 200 202 203 208 210 
#97 9
0 6 7 35 64 128 154 185 202 
#98 29
0 7 11 15 19 25 29 31 45 50 57 66 76 106 109 128 129 135 137 143 158 173 179 200 202 203 208 210 221 
#99 20
0 6 7 11 13 29 50 104 117 124 128 129 135 143 154 173 185 202 210 212 
#100 54
0 5 7 12 15 18 20 22 25 27 28 29 52 58 62 63 66 73 82 84 86 92 106 109 114 119 129 136 137 138 147 148 150 151 154 157 158 160 161 164 166 171 175 178 179 180 192 198 208 214 215 216 220 221 
