#1 228 0 0.01000 0 	 0 0 86 215 3
#2 228 0 0.02000 0 	 0 0 70 153 3
#3 228 0 0.00000 0 	 0 0 35 34 2
#4 228 0 0.01000 0 	 0 0 26 72 4
#5 228 0 0.01000 0 	 0 0 74 159 3
#6 228 0 0.01000 0 	 0 0 26 49 3
#7 228 0 0.01000 0 	 0 0 26 48 3
#8 228 0 0.01000 0 	 0 0 38 73 3
#9 228 0 0.01000 0 	 0 0 28 52 3
#10 228 0 0.00000 0 	 0 0 15 14 2
#11 228 0 0.00000 0 	 0 0 15 14 2
#12 228 0 0.01000 0 	 0 0 90 197 3
#13 228 0 0.01000 0 	 0 0 46 88 3
#14 228 0 0.01000 0 	 0 0 20 37 3
#15 228 0 0.01000 0 	 0 0 47 112 3
#16 228 0 0.00000 0 	 0 0 43 42 2
#17 228 0 0.01000 0 	 0 0 43 82 3
#18 228 0 0.01000 0 	 0 0 77 154 3
#19 228 0 0.01000 0 	 0 0 35 66 3
#20 228 0 0.01000 0 	 0 0 40 76 3
#21 228 0 0.02000 0 	 0 0 90 178 3
#22 228 0 0.01000 0 	 0 0 80 158 3
#23 228 0 0.00000 0 	 0 0 10 9 2
#24 228 0 0.01000 0 	 0 0 44 85 3
#25 228 0 0.01000 0 	 0 0 48 92 3
#26 228 0 0.01000 0 	 0 0 32 61 3
#27 228 0 0.02000 0 	 0 0 99 232 3
#28 228 0 0.00000 0 	 0 0 6 5 2
#29 228 0 0.00000 0 	 0 0 47 46 2
#30 228 0 0.01000 0 	 0 0 43 82 3
#31 228 0 0.01000 0 	 0 0 49 94 3
#32 228 0 0.02000 0 	 0 0 85 191 3
#33 228 0 0.00000 0 	 0 0 29 28 2
#34 228 0 0.00000 0 	 0 0 39 38 2
#35 228 0 0.01000 0 	 0 0 13 33 4
#36 228 0 0.00000 0 	 0 0 9 15 3
#37 228 0 0.00000 0 	 0 0 13 12 2
#38 228 0 0.01000 0 	 0 0 21 38 3
#39 228 0 0.01000 0 	 0 0 34 64 3
#40 228 0 0.02000 0 	 0 0 95 203 3
#41 228 0 0.00000 0 	 0 0 37 36 2
#42 228 0 0.01000 0 	 0 0 26 56 3
#43 228 0 0.01000 0 	 0 0 42 106 3
#44 228 0 0.00000 0 	 0 0 23 22 2
#45 228 0 0.00000 0 	 0 0 39 38 2
#46 228 0 0.01000 0 	 0 0 5 7 3
#47 228 0 0.01000 0 	 0 0 78 159 3
#48 228 0 0.00000 0 	 0 0 7 6 2
#49 228 0 0.01000 0 	 0 0 20 58 3
#50 228 0 0.01000 0 	 0 0 13 23 3
#51 228 0 0.00000 0 	 0 0 13 23 3
#52 228 0 0.00000 0 	 0 0 16 15 2
#53 228 0 0.00000 0 	 0 0 9 8 2
#54 228 0 0.00000 0 	 0 0 8 7 2
#55 228 0 0.00000 0 	 0 0 8 7 2
#56 228 0 0.01000 0 	 0 0 10 9 2
#57 228 0 0.00000 0 	 0 0 48 47 2
#58 228 0 0.01000 0 	 0 0 22 43 3
#59 228 0 0.00000 0 	 0 0 30 29 2
#60 228 0 0.00000 0 	 0 0 29 28 2
#61 228 0 0.00000 0 	 0 0 31 30 2
#62 228 0 0.01000 0 	 0 0 55 110 3
#63 228 0 0.02000 0 	 0 0 105 210 3
#64 228 0 0.01000 0 	 0 0 44 86 3
#65 228 0 0.00000 0 	 0 0 32 31 2
#66 228 0 0.00000 0 	 0 0 40 39 2
#67 228 0 0.01000 0 	 0 0 13 23 3
#68 228 0 0.00000 0 	 0 0 27 26 2
#69 228 0 0.00000 0 	 0 0 27 26 2
#70 228 0 0.00000 0 	 0 0 12 21 3
#71 228 0 0.02000 0 	 0 0 60 122 3
#72 228 0 0.02000 0 	 0 0 96 224 3
#73 228 0 0.00000 0 	 0 0 33 32 2
#74 228 0 0.00000 0 	 0 0 39 38 2
#75 228 0 0.00000 0 	 0 0 29 28 2
#76 228 0 0.00000 0 	 0 0 16 15 2
#77 228 0 0.02000 0 	 0 0 99 227 3
#78 228 0 0.00000 0 	 0 0 37 36 2
#79 228 0 0.01000 0 	 0 0 70 146 3
#80 228 0 0.01000 0 	 0 0 22 60 4
#81 228 0 0.01000 0 	 0 0 32 31 2
#82 228 0 0.00000 0 	 0 0 35 34 2
#83 228 0 0.01000 0 	 0 0 71 156 3
#84 228 0 0.01000 0 	 0 0 35 67 3
#85 228 0 0.01000 0 	 0 0 76 169 3
#86 228 0 0.01000 0 	 0 0 76 160 3
#87 228 0 0.02000 0 	 0 0 73 162 3
#88 228 0 0.02000 0 	 0 0 81 186 3
#89 228 0 0.01000 0 	 0 0 49 146 4
#90 228 0 0.02000 0 	 0 0 74 161 3
#91 228 0 0.02000 0 	 0 0 72 169 3
#92 228 0 0.00000 0 	 0 0 12 30 4
#93 228 0 0.02000 0 	 0 0 66 151 3
#94 228 0 0.02000 0 	 0 0 106 239 3
#95 228 0 0.01000 0 	 0 0 43 83 3
#96 228 0 0.01000 0 	 0 0 26 54 3
#97 228 0 0.00000 0 	 0 0 9 15 3
#98 228 0 0.00000 0 	 0 0 29 28 2
#99 228 0 0.00000 0 	 0 0 20 19 2
#100 228 0 0.02000 0 	 0 0 54 117 3
