#1 160 0 0.01000 0 	 0 0 29 81 4
#2 160 0 0.00000 0 	 0 0 32 61 3
#3 160 0 0.01000 0 	 0 0 32 31 2
#4 160 0 0.00000 0 	 0 0 26 72 4
#5 160 0 0.01000 0 	 0 0 35 99 4
#6 160 0 0.01000 0 	 0 0 41 91 3
#7 160 0 0.01000 0 	 0 0 43 84 3
#8 160 0 0.00000 0 	 0 0 31 59 3
#9 160 0 0.00000 0 	 0 0 27 51 3
#10 160 0 0.01000 0 	 0 0 22 21 2
#11 160 0 0.00000 0 	 0 0 35 34 2
#12 160 0 0.00000 0 	 0 0 33 76 3
#13 160 0 0.01000 0 	 0 0 20 54 4
#14 160 0 0.01000 0 	 0 0 44 101 3
#15 160 0 0.00000 0 	 0 0 27 51 3
#16 160 0 0.00000 0 	 0 0 27 26 2
#17 160 0 0.01000 0 	 0 0 31 68 3
#18 160 0 0.01000 0 	 0 0 47 122 3
#19 160 0 0.01000 0 	 0 0 46 122 3
#20 160 0 0.00000 0 	 0 0 30 57 3
#21 160 0 0.01000 0 	 0 0 34 65 3
#22 160 0 0.00000 0 	 0 0 39 94 3
#23 160 0 0.01000 0 	 0 0 15 14 2
#24 160 0 0.00000 0 	 0 0 36 84 3
#25 160 0 0.01000 0 	 0 0 33 75 3
#26 160 0 0.00000 0 	 0 0 30 57 3
#27 160 0 0.01000 0 	 0 0 17 45 4
#28 160 0 0.00000 0 	 0 0 38 37 2
#29 160 0 0.00000 0 	 0 0 15 14 2
#30 160 0 0.01000 0 	 0 0 39 104 3
#31 160 0 0.00000 0 	 0 0 29 72 3
#32 160 0 0.01000 0 	 0 0 28 78 4
#33 160 0 0.00000 0 	 0 0 36 35 2
#34 160 0 0.01000 0 	 0 0 37 36 2
#35 160 0 0.00000 0 	 0 0 23 48 3
#36 160 0 0.01000 0 	 0 0 41 104 3
#37 160 0 0.00000 0 	 0 0 35 34 2
#38 160 0 0.01000 0 	 0 0 35 70 3
#39 160 0 0.00000 0 	 0 0 40 97 3
#40 160 0 0.01000 0 	 0 0 58 142 3
#41 160 0 0.01000 0 	 0 0 36 35 2
#42 160 0 0.00000 0 	 0 0 58 136 3
#43 160 0 0.00000 0 	 0 0 51 53 2
#44 160 0 0.00000 0 	 0 0 4 3 2
#45 160 0 0.00000 0 	 0 0 5 4 2
#46 160 0 0.01000 0 	 0 0 50 99 3
#47 160 0 0.00000 0 	 0 0 16 42 4
#48 160 0 0.00000 0 	 0 0 23 22 2
#49 160 0 0.01000 0 	 0 0 17 45 4
#50 160 0 0.00000 0 	 0 0 30 57 3
#51 160 0 0.01000 0 	 0 0 22 41 3
#52 160 0 0.00000 0 	 0 0 22 21 2
#53 160 0 0.00000 0 	 0 0 21 20 2
#54 160 0 0.00000 0 	 0 0 22 21 2
#55 160 0 0.00000 0 	 0 0 15 14 2
#56 160 0 0.01000 0 	 0 0 61 127 3
#57 160 0 0.00000 0 	 0 0 22 21 2
#58 160 0 0.00000 0 	 0 0 22 41 3
#59 160 0 0.00000 0 	 0 0 22 21 2
#60 160 0 0.01000 0 	 0 0 20 19 2
#61 160 0 0.00000 0 	 0 0 22 21 2
#62 160 0 0.00000 0 	 0 0 23 60 3
#63 160 0 0.01000 0 	 0 0 20 37 3
#64 160 0 0.00000 0 	 0 0 20 37 3
#65 160 0 0.00000 0 	 0 0 4 3 2
#66 160 0 0.00000 0 	 0 0 8 7 2
#67 160 0 0.00000 0 	 0 0 28 27 2
#68 160 0 0.00000 0 	 0 0 2 1 2
#69 160 0 0.00000 0 	 0 0 12 11 2
#70 160 0 0.01000 0 	 0 0 21 42 3
#71 160 0 0.00000 0 	 0 0 13 23 3
#72 160 0 0.01000 0 	 0 0 34 72 3
#73 160 0 0.00000 0 	 0 0 15 14 2
#74 160 0 0.00000 0 	 0 0 26 25 2
#75 160 0 0.00000 0 	 0 0 8 7 2
#76 160 0 0.00000 0 	 0 0 30 29 2
#77 160 0 0.01000 0 	 0 0 27 52 3
#78 160 0 0.00000 0 	 0 0 15 14 2
#79 160 0 0.00000 0 	 0 0 31 60 3
#80 160 0 0.02000 0 	 0 0 85 179 3
#81 160 0 0.00000 0 	 0 0 12 11 2
#82 160 0 0.00000 0 	 0 0 7 6 2
#83 160 0 0.01000 0 	 0 0 26 49 3
#84 160 0 0.00000 0 	 0 0 15 30 3
#85 160 0 0.00000 0 	 0 0 15 27 3
#86 160 0 0.01000 0 	 0 0 22 41 3
#87 160 0 0.00000 0 	 0 0 31 66 3
#88 160 0 0.02000 0 	 0 0 71 147 3
#89 160 0 0.01000 0 	 0 0 42 92 3
#90 160 0 0.01000 0 	 0 0 33 83 3
#91 160 0 0.00000 0 	 0 0 27 72 3
#92 160 0 0.01000 0 	 0 0 19 43 3
#93 160 0 0.01000 0 	 0 0 31 69 3
#94 160 0 0.00000 0 	 0 0 42 91 3
#95 160 0 0.01000 0 	 0 0 10 17 3
#96 160 0 0.00000 0 	 0 0 7 15 4
#97 160 0 0.00000 0 	 0 0 6 9 3
#98 160 0 0.00000 0 	 0 0 10 9 2
#99 160 0 0.00000 0 	 0 0 12 11 2
#100 160 0 0.01000 0 	 0 0 45 95 3
