100
#1 29
0 16 17 18 29 34 39 48 53 54 55 65 70 75 82 89 101 102 106 112 114 117 126 130 133 149 153 154 156 
#2 32
0 16 17 18 23 29 34 39 48 53 54 55 57 65 70 75 82 89 101 102 106 112 114 117 126 130 132 133 149 153 154 156 
#3 32
0 16 17 18 23 34 39 40 48 53 54 55 60 63 65 70 78 82 85 89 101 112 114 126 131 132 145 149 153 154 156 157 
#4 26
0 16 17 18 34 39 48 53 55 60 63 65 70 78 82 85 89 101 112 114 126 131 145 149 153 154 
#5 35
0 16 17 18 29 34 39 48 53 54 55 60 63 65 70 75 78 82 85 89 101 102 106 112 114 117 126 130 131 133 145 149 153 154 156 
#6 41
0 8 16 17 18 23 29 31 34 39 42 48 53 54 55 56 57 60 65 70 75 82 88 89 96 99 101 102 106 112 114 117 126 132 142 145 146 149 154 156 157 
#7 43
0 7 8 16 18 22 23 29 34 45 49 53 54 55 57 61 63 65 69 70 75 78 83 85 89 96 98 101 102 106 112 114 126 130 132 133 145 149 150 153 154 156 157 
#8 31
0 16 17 18 23 29 34 39 48 53 54 55 57 65 70 75 82 89 101 102 112 114 117 126 130 132 133 149 153 154 156 
#9 27
0 16 17 23 34 39 48 53 54 60 65 75 78 82 85 102 108 114 126 130 131 133 145 149 153 154 157 
#10 22
0 8 16 18 23 34 39 40 53 54 55 56 60 89 96 101 112 114 117 149 155 156 
#11 35
0 16 17 18 29 34 39 48 53 54 55 60 63 65 70 75 78 82 85 89 101 102 106 112 114 117 126 130 131 133 145 149 153 154 156 
#12 33
0 16 17 18 23 29 34 39 40 42 48 53 54 55 56 60 78 82 85 89 96 99 101 106 112 114 126 145 149 153 154 155 156 
#13 20
0 16 17 18 23 39 54 55 63 70 82 85 89 101 102 114 117 126 149 156 
#14 44
0 8 16 18 23 29 31 34 39 40 48 53 54 55 56 57 60 63 65 70 78 85 89 96 99 101 102 106 112 114 117 126 130 131 132 133 142 145 146 149 153 154 156 157 
#15 27
0 16 17 18 23 29 34 39 48 53 65 70 82 89 101 102 106 112 114 117 126 130 132 149 153 154 156 
#16 27
0 16 17 18 23 39 40 42 48 53 60 65 70 85 89 101 106 108 112 114 130 132 133 145 149 153 154 
#17 31
0 16 17 18 23 29 31 34 39 48 53 54 55 57 65 70 75 82 88 89 101 102 114 117 132 133 146 149 153 154 156 
#18 47
0 8 16 17 18 20 22 23 29 31 34 36 39 40 42 48 53 55 60 63 65 70 75 78 82 85 89 94 99 101 102 112 114 126 130 131 132 133 142 145 146 149 153 154 155 156 157 
#19 46
0 8 16 17 18 23 29 31 34 39 40 53 54 55 56 60 63 65 70 75 78 82 85 88 89 96 99 101 102 106 112 114 117 126 130 132 133 142 145 146 149 153 154 155 156 157 
#20 30
0 16 17 18 23 29 34 39 40 48 53 60 63 65 70 78 82 85 89 101 102 106 112 114 126 145 149 153 154 156 
#21 34
0 16 18 23 29 34 39 40 48 53 54 55 57 60 63 65 70 78 85 101 102 106 112 114 117 126 130 131 132 133 149 153 154 156 
#22 39
0 8 16 17 18 23 29 34 39 40 42 48 53 54 55 60 63 65 70 75 82 85 89 101 102 106 108 112 114 117 126 130 132 133 145 149 153 154 156 
#23 15
0 7 16 22 23 45 49 61 69 78 83 98 126 130 150 
#24 36
0 8 16 17 18 23 29 34 42 48 53 54 55 60 63 65 70 75 78 82 85 89 101 102 106 108 112 114 117 126 130 131 149 153 154 156 
#25 33
0 16 18 23 29 34 48 53 55 57 60 63 65 70 78 82 85 89 101 102 106 114 117 126 130 131 133 145 149 153 154 156 157 
#26 30
0 8 16 17 23 29 34 39 40 48 53 55 70 78 82 85 89 101 102 108 114 126 130 131 145 149 153 154 156 157 
#27 17
0 16 17 39 53 75 78 82 85 102 114 126 133 145 149 153 157 
#28 38
0 16 17 18 23 29 34 39 40 48 53 54 55 57 60 65 70 75 78 82 89 101 102 106 112 114 117 126 130 131 132 133 145 149 153 154 156 157 
#29 15
0 7 16 22 23 45 49 61 69 78 83 98 126 130 150 
#30 39
0 16 17 18 23 29 34 39 40 48 53 54 55 60 63 65 70 75 78 82 85 89 101 102 106 112 114 117 126 130 131 132 133 145 149 153 154 156 157 
#31 29
0 8 16 17 18 23 29 34 54 55 56 60 65 70 85 89 102 106 112 114 117 126 130 133 149 153 154 155 156 
#32 28
0 16 17 18 23 34 40 48 53 54 55 60 65 70 78 85 89 112 114 126 131 132 145 149 153 154 156 157 
#33 36
0 16 17 18 23 29 39 40 54 55 57 60 63 65 70 75 78 82 85 89 101 102 106 112 114 117 126 130 131 132 133 145 149 153 154 156 
#34 37
0 16 17 18 23 29 34 39 48 53 55 57 60 63 65 70 75 78 82 85 89 101 102 106 112 114 117 126 130 131 133 145 149 153 154 156 157 
#35 23
0 8 16 18 23 29 34 36 48 57 60 63 70 88 101 106 114 117 126 145 149 154 156 
#36 41
0 16 17 18 23 29 34 39 42 48 53 54 55 57 60 63 65 70 75 78 82 85 89 101 102 106 108 112 114 117 126 130 131 132 133 145 149 153 154 156 157 
#37 35
0 16 17 18 29 34 39 48 53 54 55 60 63 65 70 75 78 82 85 89 101 102 106 112 114 117 126 130 131 133 145 149 153 154 156 
#38 35
0 8 16 17 18 20 23 34 36 39 45 53 55 56 60 65 70 75 79 82 88 89 94 96 98 102 106 112 114 117 132 135 145 154 156 
#39 40
0 16 17 18 23 29 34 39 40 42 48 53 54 55 60 63 65 70 75 78 82 85 89 101 102 106 108 112 114 117 126 130 131 132 133 145 149 153 154 156 
#40 58
0 16 17 18 20 23 26 28 29 34 36 39 40 42 45 48 51 52 53 54 55 56 57 60 65 70 75 78 82 85 88 89 94 99 101 105 106 108 112 114 117 126 128 130 131 132 133 135 136 138 142 145 148 149 153 154 155 157 
#41 36
0 16 17 18 23 29 34 39 40 48 53 54 55 57 60 65 75 78 82 85 89 101 106 112 114 117 126 130 131 132 133 145 149 153 154 157 
#42 58
0 8 16 17 18 20 22 23 26 29 31 34 39 40 46 48 51 52 53 54 55 56 60 63 65 70 75 78 82 85 89 93 96 99 100 101 102 106 108 112 114 117 126 128 130 131 133 135 138 145 146 148 149 153 154 155 156 157 
#43 51
0 16 17 18 20 23 26 29 34 36 39 40 42 43 45 48 51 52 53 54 55 56 57 60 65 75 78 82 85 89 94 101 106 108 112 114 117 126 128 130 131 132 133 142 145 148 149 153 154 155 157 
#44 4
0 20 105 138 
#45 5
0 26 53 128 155 
#46 50
0 16 17 18 20 23 26 29 34 36 39 40 42 45 48 51 52 53 54 55 56 57 60 65 75 78 82 85 89 94 101 106 108 112 114 117 126 128 130 131 132 133 142 145 148 149 153 154 155 157 
#47 16
0 1 7 21 24 30 38 47 64 69 72 87 111 143 150 158 
#48 23
0 1 7 21 24 30 38 45 47 62 64 69 72 79 83 87 98 110 111 135 143 150 158 
#49 17
0 1 7 21 24 30 38 47 64 69 72 87 110 111 143 150 158 
#50 30
0 1 7 21 24 30 32 38 41 45 47 61 64 66 69 72 73 79 83 87 98 110 111 124 127 135 143 150 158 159 
#51 22
0 5 6 10 11 27 33 35 58 74 81 86 92 97 107 118 119 121 122 134 141 151 
#52 22
0 5 6 10 11 27 33 35 58 74 81 86 92 97 107 118 119 121 122 134 141 151 
#53 21
0 5 6 10 11 33 35 58 74 81 86 92 97 107 118 119 121 122 134 141 151 
#54 22
0 5 6 10 11 27 33 35 58 74 81 86 92 97 107 118 119 121 122 134 141 151 
#55 15
0 4 6 11 35 58 74 92 97 107 118 119 121 141 151 
#56 61
0 4 5 6 8 10 11 16 17 18 23 27 29 33 34 35 39 40 48 53 54 55 57 58 63 65 70 74 75 76 81 82 86 88 89 92 97 99 101 102 103 106 107 108 112 114 118 119 121 122 125 126 131 134 141 146 151 154 155 156 157 
#57 22
0 5 6 10 11 27 33 35 58 74 81 86 92 97 107 118 119 121 122 134 141 151 
#58 22
0 5 6 10 11 27 33 35 58 74 81 86 92 97 107 118 119 121 122 134 141 151 
#59 22
0 5 6 10 11 27 33 35 58 74 81 86 92 97 107 118 119 121 122 134 141 151 
#60 20
0 5 6 10 11 27 35 58 74 86 92 97 107 118 119 121 122 134 141 151 
#61 22
0 5 6 10 11 27 33 35 58 74 81 86 92 97 107 118 119 121 122 134 141 151 
#62 23
0 5 6 10 11 27 33 35 58 74 81 86 92 97 107 118 119 121 122 125 134 141 151 
#63 20
0 5 6 10 11 27 33 35 74 81 86 92 97 107 118 119 121 122 134 151 
#64 20
0 5 6 10 11 33 35 58 74 81 86 92 97 107 118 119 121 122 134 141 
#65 4
0 12 59 120 
#66 8
0 12 62 80 88 144 147 152 
#67 28
0 2 12 19 24 28 37 41 49 59 62 64 66 68 79 80 87 88 91 110 111 135 137 144 145 147 152 159 
#68 2
0 37 
#69 12
0 2 12 59 62 79 80 91 135 144 147 152 
#70 21
0 2 7 12 24 28 59 62 67 68 69 72 79 80 88 91 123 144 147 152 158 
#71 13
0 1 3 7 21 24 49 61 79 111 124 150 159 
#72 34
0 1 7 8 17 20 24 31 34 36 45 53 61 62 66 70 77 79 82 83 87 88 98 106 110 111 124 127 135 137 144 145 150 154 
#73 15
0 7 21 24 45 61 66 79 87 98 110 111 127 135 144 
#74 26
0 1 7 21 24 30 32 45 47 49 62 64 66 69 79 83 87 98 110 127 135 143 144 150 158 159 
#75 8
0 12 62 80 88 144 147 152 
#76 30
0 1 7 21 24 30 32 38 41 45 47 61 64 66 69 72 73 79 83 87 98 110 111 124 127 135 143 150 158 159 
#77 27
0 2 7 8 20 28 36 53 55 59 63 67 68 70 73 77 79 89 94 105 113 114 116 123 135 152 156 
#78 15
0 7 21 24 45 61 66 79 87 98 110 111 127 135 144 
#79 31
0 1 7 12 19 21 24 30 32 38 47 59 61 62 64 68 69 72 79 80 83 91 98 110 111 135 143 144 147 152 158 
#80 85
0 1 3 7 8 12 16 17 18 19 20 21 22 23 24 29 30 32 36 38 39 40 41 42 45 47 49 54 55 57 59 60 61 62 63 64 65 66 68 69 70 72 73 75 78 79 82 83 85 87 88 89 94 96 98 101 102 106 108 110 111 112 114 117 124 126 127 130 131 132 133 135 137 143 144 145 149 150 152 153 154 155 156 158 159 
#81 12
0 2 7 12 28 59 67 79 80 123 144 145 
#82 7
0 24 28 79 113 116 135 
#83 26
0 8 16 18 20 23 34 42 53 59 70 73 77 79 88 89 94 96 101 108 113 116 117 135 152 154 
#84 15
0 2 12 59 62 73 79 80 91 113 116 135 144 147 152 
#85 15
0 1 7 24 32 38 41 45 61 64 79 98 110 111 143 
#86 22
0 1 7 21 24 30 32 45 47 62 64 69 79 83 87 98 110 127 143 150 158 159 
#87 31
0 1 2 7 12 19 24 28 30 32 47 59 62 64 67 68 79 80 83 87 88 110 123 127 135 144 147 150 152 158 159 
#88 71
0 1 2 8 12 16 17 18 19 20 23 24 28 29 30 32 36 39 40 42 47 54 55 57 59 60 62 63 64 65 70 75 78 79 80 82 83 85 87 88 89 91 94 96 101 102 106 108 110 112 114 117 126 127 130 131 132 133 135 144 145 147 149 150 152 153 154 155 156 158 159 
#89 42
0 1 7 19 20 21 24 28 30 32 36 38 41 45 47 59 61 62 64 66 68 69 72 77 78 79 83 87 88 94 98 110 111 124 127 135 137 143 144 150 158 159 
#90 33
0 1 3 7 19 22 24 30 32 38 41 45 47 49 61 62 64 66 73 79 83 87 98 110 111 124 127 135 143 144 150 158 159 
#91 27
0 1 7 21 24 30 32 38 41 45 61 62 64 66 72 73 79 87 98 110 111 135 143 144 150 158 159 
#92 19
0 2 12 24 28 59 62 73 79 80 88 91 113 116 120 135 144 147 152 
#93 31
0 1 2 3 7 19 21 24 32 38 41 45 59 61 62 64 67 68 73 79 87 98 110 111 123 124 135 143 144 150 159 
#94 42
0 1 7 8 17 20 21 24 28 30 32 34 36 38 41 45 47 53 61 64 66 69 70 72 73 79 82 87 88 98 106 110 111 127 135 137 143 144 145 150 154 158 
#95 10
0 1 3 7 24 49 61 111 150 159 
#96 7
0 2 12 28 59 79 144 
#97 6
0 12 80 91 144 152 
#98 10
0 1 7 21 24 59 68 69 72 158 
#99 12
0 7 12 28 59 68 70 80 88 91 144 152 
#100 45
0 1 7 8 12 17 19 20 21 24 28 30 32 34 36 38 45 47 53 59 62 64 70 72 79 80 83 87 88 98 106 110 111 124 127 135 143 144 145 147 150 152 154 158 159 
