#1 171 0 0.01000 0 	 0 0 72 147 3
#2 171 0 0.00000 0 	 0 0 12 21 3
#3 171 0 0.00000 0 	 0 0 16 15 2
#4 171 0 0.01000 0 	 0 0 83 198 3
#5 171 0 0.00000 0 	 0 0 21 45 3
#6 171 0 0.01000 0 	 0 0 56 111 3
#7 171 0 0.00000 0 	 0 0 33 63 3
#8 171 0 0.01000 0 	 0 0 5 7 3
#9 171 0 0.00000 0 	 0 0 42 80 3
#10 171 0 0.00000 0 	 0 0 10 9 2
#11 171 0 0.00000 0 	 0 0 16 15 2
#12 171 0 0.01000 0 	 0 0 73 146 3
#13 171 0 0.02000 0 	 0 0 72 150 3
#14 171 0 0.01000 0 	 0 0 49 106 3
#15 171 0 0.00000 0 	 0 0 35 67 3
#16 171 0 0.00000 0 	 0 0 18 17 2
#17 171 0 0.01000 0 	 0 0 19 43 3
#18 171 0 0.00000 0 	 0 0 27 50 3
#19 171 0 0.01000 0 	 0 0 24 47 3
#20 171 0 0.01000 0 	 0 0 16 31 3
#21 171 0 0.00000 0 	 0 0 37 78 3
#22 171 0 0.01000 0 	 0 0 22 40 3
#23 171 0 0.00000 0 	 0 0 6 5 2
#24 171 0 0.01000 0 	 0 0 53 120 3
#25 171 0 0.01000 0 	 0 0 47 89 3
#26 171 0 0.00000 0 	 0 0 15 27 3
#27 171 0 0.00000 0 	 0 0 11 27 4
#28 171 0 0.00000 0 	 0 0 6 5 2
#29 171 0 0.00000 0 	 0 0 6 5 2
#30 171 0 0.01000 0 	 0 0 16 28 3
#31 171 0 0.00000 0 	 0 0 12 30 4
#32 171 0 0.01000 0 	 0 0 25 59 3
#33 171 0 0.00000 0 	 0 0 29 28 2
#34 171 0 0.00000 0 	 0 0 27 26 2
#35 171 0 0.02000 0 	 0 0 73 168 3
#36 171 0 0.00000 0 	 0 0 41 89 3
#37 171 0 0.00000 0 	 0 0 21 20 2
#38 171 0 0.01000 0 	 0 0 31 61 3
#39 171 0 0.01000 0 	 0 0 32 71 3
#40 171 0 0.00000 0 	 0 0 13 33 4
#41 171 0 0.00000 0 	 0 0 12 11 2
#42 171 0 0.01000 0 	 0 0 58 140 3
#43 171 0 0.01000 0 	 0 0 41 87 3
#44 171 0 0.00000 0 	 0 0 30 29 2
#45 171 0 0.00000 0 	 0 0 20 19 2
#46 171 0 0.01000 0 	 0 0 29 55 3
#47 171 0 0.00000 0 	 0 0 29 57 3
#48 171 0 0.00000 0 	 0 0 17 16 2
#49 171 0 0.02000 0 	 0 0 77 153 3
#50 171 0 0.00000 0 	 0 0 12 20 3
#51 171 0 0.00000 0 	 0 0 8 13 3
#52 171 0 0.00000 0 	 0 0 19 18 2
#53 171 0 0.00000 0 	 0 0 8 7 2
#54 171 0 0.00000 0 	 0 0 33 32 2
#55 171 0 0.00000 0 	 0 0 3 2 2
#56 171 0 0.01000 0 	 0 0 7 6 2
#57 171 0 0.00000 0 	 0 0 27 26 2
#58 171 0 0.01000 0 	 0 0 61 129 3
#59 171 0 0.00000 0 	 0 0 8 7 2
#60 171 0 0.00000 0 	 0 0 31 30 2
#61 171 0 0.00000 0 	 0 0 24 23 2
#62 171 0 0.01000 0 	 0 0 28 52 3
#63 171 0 0.00000 0 	 0 0 64 126 3
#64 171 0 0.01000 0 	 0 0 66 133 3
#65 171 0 0.01000 0 	 0 0 12 11 2
#66 171 0 0.00000 0 	 0 0 21 20 2
#67 171 0 0.00000 0 	 0 0 24 48 3
#68 171 0 0.00000 0 	 0 0 13 12 2
#69 171 0 0.00000 0 	 0 0 33 32 2
#70 171 0 0.01000 0 	 0 0 45 101 3
#71 171 0 0.01000 0 	 0 0 34 65 3
#72 171 0 0.01000 0 	 0 0 71 154 3
#73 171 0 0.00000 0 	 0 0 15 14 2
#74 171 0 0.00000 0 	 0 0 33 32 2
#75 171 0 0.00000 0 	 0 0 6 5 2
#76 171 0 0.00000 0 	 0 0 11 10 2
#77 171 0 0.01000 0 	 0 0 41 79 3
#78 171 0 0.00000 0 	 0 0 12 11 2
#79 171 0 0.00000 0 	 0 0 31 59 3
#80 171 0 0.01000 0 	 0 0 51 123 3
#81 171 0 0.00000 0 	 0 0 20 19 2
#82 171 0 0.00000 0 	 0 0 6 5 2
#83 171 0 0.01000 0 	 0 0 34 69 3
#84 171 0 0.01000 0 	 0 0 43 83 3
#85 171 0 0.00000 0 	 0 0 10 17 3
#86 171 0 0.01000 0 	 0 0 78 152 3
#87 171 0 0.01000 0 	 0 0 75 156 3
#88 171 0 0.01000 0 	 0 0 23 48 3
#89 171 0 0.01000 0 	 0 0 64 134 3
#90 171 0 0.00000 0 	 0 0 18 37 3
#91 171 0 0.02000 0 	 0 0 86 197 3
#92 171 0 0.01000 0 	 0 0 32 65 3
#93 171 0 0.01000 0 	 0 0 70 142 3
#94 171 0 0.00000 0 	 0 0 19 42 3
#95 171 0 0.01000 0 	 0 0 36 70 3
#96 171 0 0.01000 0 	 0 0 60 130 3
#97 171 0 0.00000 0 	 0 0 18 32 3
#98 171 0 0.00000 0 	 0 0 8 7 2
#99 171 0 0.01000 0 	 0 0 36 35 2
#100 171 0 0.01000 0 	 0 0 73 150 3
