100
#1 72
0 2 7 8 9 10 11 12 17 19 22 23 24 27 32 33 34 37 38 40 41 42 44 48 51 53 59 61 66 68 71 74 77 78 80 84 87 88 89 91 93 94 95 98 101 106 117 119 126 129 133 134 137 138 140 141 142 143 144 146 148 149 151 152 154 156 157 158 161 162 163 167 
#2 12
0 11 19 61 62 72 84 101 107 111 144 163 
#3 16
0 19 32 34 42 44 61 77 84 94 101 106 117 134 151 154 
#4 83
0 1 2 7 8 9 10 11 12 14 17 19 20 22 23 25 27 29 32 33 34 36 37 38 40 42 45 51 52 53 55 59 61 65 66 67 68 69 72 73 74 76 78 79 80 87 88 93 94 95 98 101 106 108 109 113 114 119 121 124 127 128 129 131 133 134 137 138 141 142 143 144 148 149 152 154 156 157 159 161 162 167 170 
#5 21
0 1 17 19 33 42 51 55 61 79 87 88 111 121 133 134 137 138 142 152 170 
#6 56
0 1 8 11 17 19 22 27 29 32 33 38 42 45 55 59 61 66 69 72 74 75 76 78 79 80 86 87 93 94 95 97 98 101 106 111 114 119 121 123 124 128 131 133 137 138 141 142 144 148 149 156 157 163 167 170 
#7 33
0 9 14 19 22 27 29 32 33 38 59 69 72 74 76 86 95 98 101 108 109 113 114 119 124 128 129 141 142 143 148 156 167 
#8 5
0 12 61 117 154 
#9 42
0 1 17 19 22 23 33 34 42 59 61 68 69 72 78 93 94 95 97 101 106 107 111 119 121 122 123 128 129 133 137 138 141 142 144 149 150 152 154 159 163 170 
#10 10
0 19 34 69 72 101 107 111 122 123 
#11 16
0 19 32 33 34 44 53 59 69 78 95 101 107 117 122 123 
#12 73
0 1 2 7 8 9 10 11 17 19 22 23 27 31 32 33 34 37 38 40 41 42 44 51 53 59 61 66 68 74 77 78 80 84 87 88 91 93 94 95 97 98 101 106 111 112 117 119 126 129 133 134 137 138 140 141 142 143 144 148 149 151 152 154 156 157 158 161 162 163 166 167 169 
#13 72
0 1 8 9 10 11 12 14 17 19 20 25 27 29 32 33 34 36 37 38 40 42 45 51 52 54 59 61 62 65 66 69 71 72 74 76 78 87 88 89 95 97 98 101 104 107 108 109 111 113 114 119 123 124 127 128 129 131 133 134 137 138 141 142 143 144 148 156 159 161 164 167 
#14 49
0 1 2 8 9 10 11 12 15 17 19 22 23 27 33 38 40 42 45 52 53 59 61 66 68 87 88 91 93 94 98 106 114 119 121 124 129 133 134 137 138 142 144 149 152 154 162 167 170 
#15 35
0 11 17 19 23 32 34 42 53 61 68 69 72 78 91 95 97 101 107 111 119 122 123 131 133 137 138 141 142 144 149 152 154 157 162 
#16 18
0 1 17 19 42 53 61 78 88 93 106 119 121 133 137 142 152 170 
#17 19
0 5 21 26 27 35 38 50 56 60 82 85 96 102 130 132 136 147 164 
#18 27
0 2 3 5 28 33 39 46 47 53 63 71 80 82 85 89 96 100 103 105 109 116 120 132 143 153 164 
#19 24
0 21 26 27 35 38 47 50 53 56 60 63 71 82 89 96 100 102 127 130 132 143 147 164 
#20 16
0 27 33 47 52 59 82 96 98 100 109 113 127 143 147 153 
#21 37
0 8 9 12 19 20 25 27 33 36 45 51 52 59 61 66 76 80 87 88 95 98 114 119 124 128 129 134 137 141 142 143 148 156 161 167 170 
#22 22
0 8 19 25 27 33 36 46 51 52 59 82 85 98 105 110 120 132 134 136 143 167 
#23 6
0 46 85 116 120 132 
#24 53
0 1 2 11 12 17 19 22 23 27 33 38 42 43 46 49 53 61 67 79 83 85 86 88 92 94 105 106 110 114 118 119 120 121 124 125 129 131 132 133 136 137 138 139 141 142 144 148 149 152 154 162 170 
#25 47
0 1 2 3 11 12 13 16 17 22 26 28 39 42 43 46 47 49 61 67 79 81 82 83 85 86 88 103 114 118 120 121 124 125 129 132 133 136 137 139 142 144 147 152 153 154 170 
#26 15
0 5 13 26 27 47 50 57 60 96 100 118 127 143 147 
#27 11
0 28 39 46 85 103 105 116 120 132 153 
#28 6
0 46 85 116 120 132 
#29 6
0 12 43 67 118 170 
#30 16
0 27 49 50 83 85 106 107 114 120 130 131 133 136 164 170 
#31 12
0 1 17 42 78 79 93 94 121 137 142 152 
#32 25
0 1 2 8 9 10 11 19 27 40 42 61 68 80 87 94 119 129 133 137 138 142 144 148 154 
#33 29
0 2 8 9 10 11 19 27 33 38 40 45 59 66 74 80 88 95 114 129 134 137 138 141 142 144 148 161 167 
#34 27
0 2 8 9 10 11 20 27 33 38 40 59 66 74 80 95 98 119 124 129 138 143 144 148 156 161 167 
#35 73
0 1 2 8 9 10 11 15 17 19 20 23 27 29 32 33 38 40 41 42 45 48 51 52 53 59 61 62 66 68 70 72 74 76 78 80 86 88 91 92 94 95 97 101 106 107 108 111 114 119 121 123 124 128 129 131 133 137 138 141 142 143 144 145 148 152 154 156 157 158 159 161 167 
#36 41
0 2 8 9 19 20 25 27 33 36 38 40 41 42 45 51 52 59 61 66 80 87 88 95 98 114 119 124 129 134 137 138 141 142 143 144 145 148 156 161 167 
#37 21
0 1 2 11 12 17 22 42 61 88 114 121 124 129 133 137 142 144 152 154 170 
#38 31
0 8 9 19 20 27 32 33 34 44 45 53 59 66 69 78 87 95 98 101 107 117 119 122 123 124 129 142 148 161 167 
#39 32
0 2 8 9 10 11 19 20 27 33 38 45 59 61 66 87 88 94 98 119 124 129 137 138 142 143 144 148 154 156 161 167 
#40 13
0 11 23 68 119 133 137 138 142 144 149 154 162 
#41 12
0 19 55 69 72 77 87 95 101 107 150 167 
#42 58
0 2 7 8 9 11 17 19 22 25 27 29 32 33 37 38 40 41 45 48 55 59 66 69 72 74 76 78 80 86 87 92 94 95 97 98 101 111 114 119 123 124 128 129 131 133 134 137 138 141 142 144 148 156 158 161 163 167 
#43 41
0 2 8 11 17 19 20 23 25 27 33 38 40 41 42 45 53 59 61 66 68 80 87 93 94 106 119 124 129 137 138 142 143 144 148 149 152 154 161 162 167 
#44 30
0 1 2 11 17 19 22 27 33 38 42 53 61 88 94 106 119 121 129 133 137 138 141 142 144 148 149 152 154 170 
#45 20
0 19 22 33 34 59 69 72 95 97 101 107 111 122 123 128 141 150 159 163 
#46 29
0 11 12 17 27 33 34 43 59 61 67 83 86 88 90 104 112 114 117 118 124 125 133 137 139 142 146 154 170 
#47 29
0 8 11 19 20 27 33 38 40 45 51 59 61 66 80 88 95 106 119 124 129 138 141 142 148 151 154 161 167 
#48 17
0 11 12 17 27 33 59 61 83 88 114 124 133 137 142 154 170 
#49 77
0 7 8 11 12 17 19 20 27 29 31 32 33 34 36 38 40 42 45 51 52 53 55 59 61 62 66 68 69 72 73 74 75 76 77 78 83 84 86 87 92 94 95 98 101 112 113 114 117 119 121 122 123 124 128 133 134 137 138 141 142 143 144 145 148 149 150 156 157 158 159 161 163 165 166 167 169 
#50 12
0 8 12 27 31 83 112 114 142 165 166 169 
#51 8
0 12 22 83 88 114 125 170 
#52 19
0 1 42 44 61 69 72 78 84 95 97 101 107 111 123 131 134 141 163 
#53 8
0 12 22 83 88 114 125 170 
#54 33
0 2 8 9 10 11 19 20 27 33 38 40 45 59 66 74 80 88 95 114 119 124 128 129 137 138 141 142 143 148 156 161 167 
#55 3
0 63 71 
#56 7
0 48 71 89 99 115 160 
#57 27
0 2 8 9 10 11 19 27 33 38 40 45 59 74 80 95 114 119 129 134 137 138 141 142 144 148 156 
#58 61
0 1 2 7 8 9 10 11 12 15 19 22 23 27 30 32 33 37 38 40 41 45 48 55 59 61 62 67 68 74 77 79 80 83 84 86 91 94 95 97 111 114 117 119 129 133 134 137 138 141 142 144 148 149 154 156 158 159 162 163 170 
#59 8
0 12 22 83 88 114 125 170 
#60 31
0 8 11 19 20 27 33 38 40 45 59 66 74 87 95 98 114 119 124 128 134 137 138 141 142 143 144 148 156 161 167 
#61 24
0 2 8 10 27 33 45 59 61 66 87 88 98 114 119 124 133 134 137 138 142 144 154 167 
#62 28
0 12 17 19 22 32 53 59 61 62 69 72 83 88 95 97 101 107 114 122 123 125 128 131 141 150 163 170 
#63 64
0 8 9 11 15 17 19 21 22 26 27 29 32 33 34 35 38 40 42 45 50 52 55 56 59 60 66 69 72 74 76 78 84 86 87 95 96 97 98 101 107 108 114 119 123 124 128 129 130 131 132 137 138 141 142 143 144 147 148 150 156 163 164 167 
#64 66
0 2 4 7 8 9 10 11 12 15 19 20 22 27 33 36 37 38 40 41 45 48 52 59 61 62 65 66 74 76 80 84 86 87 88 91 92 94 95 98 101 108 114 119 124 128 129 131 133 137 138 140 141 142 143 144 145 148 154 156 158 159 161 162 163 167 
#65 12
0 2 9 11 15 27 38 68 91 94 138 144 
#66 21
0 1 17 19 32 33 42 53 61 78 93 95 101 119 121 131 137 138 141 142 152 
#67 24
0 2 3 21 26 28 39 46 50 56 80 81 82 85 96 103 105 116 120 130 132 136 153 164 
#68 13
0 2 9 27 40 52 59 65 98 109 142 144 156 
#69 33
0 2 8 9 19 20 27 33 38 40 45 59 66 80 87 88 95 98 114 119 124 129 134 137 138 141 142 143 144 148 156 161 167 
#70 45
0 2 8 9 10 11 15 19 22 25 27 33 38 40 41 45 48 52 59 66 68 74 80 87 91 95 98 108 109 114 119 128 133 134 137 138 141 142 143 144 148 156 161 162 167 
#71 34
0 8 9 10 11 17 19 23 25 38 41 42 52 59 66 68 80 93 94 98 106 109 124 129 133 137 138 142 143 149 152 156 161 167 
#72 71
0 1 2 8 9 10 11 15 19 23 25 27 29 33 36 37 38 40 41 45 50 51 52 59 61 62 65 66 68 74 80 85 88 91 92 94 95 98 106 107 108 109 114 119 120 127 129 130 131 133 134 136 137 138 140 141 142 143 144 148 152 154 156 158 159 160 161 163 164 167 170 
#73 15
0 5 21 27 50 57 60 82 96 100 103 120 127 130 147 
#74 33
0 2 8 9 10 11 19 20 27 33 38 40 45 59 66 74 80 88 95 114 119 124 128 129 137 138 141 142 143 148 156 161 167 
#75 6
0 11 27 35 50 162 
#76 11
0 27 52 59 96 98 100 109 113 127 147 
#77 41
0 11 12 17 21 26 27 33 35 38 43 46 50 56 59 60 61 67 83 85 86 88 96 112 114 116 117 118 120 124 125 130 132 133 137 139 142 147 154 164 170 
#78 12
0 8 10 25 38 52 59 98 109 143 156 167 
#79 31
0 2 8 9 10 11 19 27 33 38 40 45 59 66 74 80 87 95 98 119 128 134 137 138 141 142 143 144 148 156 167 
#80 51
0 2 8 9 10 11 15 17 19 22 25 27 29 32 33 38 40 41 42 45 52 59 66 74 76 78 80 86 87 95 98 101 108 114 119 124 128 129 131 137 138 141 142 143 144 148 156 159 161 163 167 
#81 20
0 2 17 42 53 61 68 93 94 106 119 121 129 133 137 138 142 144 149 152 
#82 6
0 11 27 35 50 162 
#83 34
0 2 11 17 22 27 33 38 42 53 61 68 74 88 93 94 95 106 114 119 121 128 129 133 137 138 141 142 144 149 152 154 163 170 
#84 43
0 2 7 8 9 11 12 15 19 27 31 33 38 40 45 59 65 66 68 74 80 83 87 92 94 95 98 112 119 126 129 134 135 137 138 142 144 148 158 159 166 167 169 
#85 10
0 3 28 39 46 85 103 120 132 153 
#86 78
0 7 8 11 16 17 19 20 27 28 29 32 33 34 36 38 39 40 42 45 46 51 52 53 55 59 61 62 66 68 69 72 73 74 75 76 77 78 84 85 86 87 92 94 95 98 101 113 114 117 119 120 121 122 123 124 128 132 133 134 137 138 141 142 143 144 145 148 149 150 153 156 157 158 159 161 163 167 
#87 75
0 1 2 8 9 10 11 17 19 20 23 24 27 28 29 32 33 38 39 40 41 42 45 46 48 51 52 53 59 61 66 68 70 74 75 76 78 80 85 86 88 94 95 103 105 106 110 114 116 119 120 121 124 128 129 131 132 133 136 137 138 141 142 143 145 148 151 152 153 154 156 157 158 161 167 
#88 23
0 3 16 21 26 27 28 39 46 50 81 85 103 106 107 116 120 130 131 132 136 153 164 
#89 64
0 1 2 4 8 10 11 12 17 19 23 30 31 33 34 36 38 40 42 51 53 54 55 59 61 66 68 71 72 74 77 78 80 83 84 87 88 91 94 97 101 106 107 109 111 112 117 119 121 133 134 137 138 142 144 145 148 154 159 162 163 166 167 169 
#90 18
0 1 42 44 61 69 72 78 95 97 101 107 111 123 131 134 141 163 
#91 86
0 1 2 8 9 10 11 12 15 17 19 22 27 29 30 31 32 33 34 38 40 42 44 45 52 53 55 59 61 62 66 67 68 69 72 74 76 77 78 79 83 84 86 87 88 94 95 97 98 101 106 107 108 111 112 114 117 118 119 121 123 124 128 129 131 133 134 137 138 141 142 143 144 145 148 150 151 152 154 156 162 163 166 167 169 170 
#92 32
0 8 12 19 22 31 33 34 55 59 69 72 77 83 87 95 97 101 107 111 112 122 123 128 135 141 150 159 163 166 167 169 
#93 70
0 8 9 10 11 12 14 19 20 25 27 29 30 31 32 33 34 36 37 38 40 42 45 51 52 55 59 61 65 66 69 72 74 76 77 83 84 87 88 95 98 101 104 108 109 111 112 113 114 119 124 127 128 129 131 134 137 138 141 142 143 144 148 156 159 161 163 166 167 169 
#94 19
0 17 32 34 53 61 62 69 72 78 95 97 101 107 111 123 131 150 163 
#95 36
0 11 12 17 19 27 32 33 34 42 59 61 67 69 72 78 83 86 88 95 97 101 107 111 114 122 123 124 125 131 133 137 141 142 154 170 
#96 60
0 1 8 17 19 22 27 29 32 33 36 38 42 44 51 53 55 59 61 68 69 72 74 76 78 79 86 87 88 93 94 95 97 101 106 111 114 117 119 121 123 124 128 129 131 133 134 137 138 141 142 143 144 148 149 152 156 157 167 170 
#97 18
0 7 31 51 61 106 112 117 119 126 129 138 142 149 151 154 166 169 
#98 8
0 8 12 31 83 112 166 169 
#99 36
0 2 8 10 11 19 20 27 33 38 40 45 59 66 74 80 87 88 95 98 114 119 124 128 129 134 137 138 141 142 143 144 148 156 161 167 
#100 73
0 2 8 9 10 11 12 17 19 20 22 23 27 31 32 33 34 36 38 40 41 42 45 47 48 51 59 61 66 69 70 73 74 76 78 79 80 82 86 87 88 95 98 101 108 112 113 114 119 121 124 128 129 131 133 134 137 138 141 142 143 144 148 154 156 157 159 161 162 163 166 167 169 
